
2021-02-02 16:16:53.232,-5.43,-2.2,-7.71,0,2.4615384615384617,
2021-02-02 16:16:53.394,-5.29,-2.3,-7.8,0,2.4615384615384617,
2021-02-02 16:16:53.428,-5.28,-2.39,-7.79,0,2.4615384615384617,
2021-02-02 16:16:53.462,-5.38,-2.34,-7.69,0,2.4615384615384617,
2021-02-02 16:16:53.496,-5.45,-2.2,-7.74,0,2.4615384615384617,
2021-02-02 16:16:53.531,-5.34,-2.46,-7.69,0,2.4615384615384617,
2021-02-02 16:16:53.565,-5.35,-2.36,-7.75,0,2.4615384615384617,
2021-02-02 16:16:53.599,-5.41,-2.24,-7.82,0,2.4615384615384617,
2021-02-02 16:16:53.633,-5.36,-2.4,-7.7,0,2.4615384615384617,
2021-02-02 16:16:53.667,-5.31,-2.33,-7.72,0,2.4615384615384617,
2021-02-02 16:16:53.702,-5.37,-2.27,-7.85,0,2.4615384615384617,
2021-02-02 16:16:53.736,-5.35,-2.45,-7.55,0,2.4615384615384617,
2021-02-02 16:16:53.770,-5.34,-2.24,-7.87,0,2.4615384615384617,
2021-02-02 16:16:53.804,-5.3,-2.41,-7.76,0,2.4615384615384617,
2021-02-02 16:16:53.838,-5.37,-2.38,-7.76,0,2.4615384615384617,
2021-02-02 16:16:53.872,-5.42,-2.22,-7.8,0,2.4615384615384617,
2021-02-02 16:16:53.907,-5.36,-2.48,-7.64,0,2.4615384615384617,
2021-02-02 16:16:53.941,-5.36,-2.33,-7.78,0,2.4615384615384617,
2021-02-02 16:16:53.975,-5.35,-2.36,-7.74,0,2.4615384615384617,
2021-02-02 16:16:54.009,-5.31,-2.35,-7.73,0,2.4615384615384617,
2021-02-02 16:16:54.043,-5.29,-2.38,-7.58,0,2.4615384615384617,
2021-02-02 16:16:54.078,-5.35,-2.37,-7.63,0,2.4615384615384617,
2021-02-02 16:16:54.112,-5.34,-2.39,-7.8,0,2.4615384615384617,
2021-02-02 16:16:54.146,-5.36,-2.4,-7.78,0,2.4615384615384617,
2021-02-02 16:16:54.180,-5.37,-2.37,-7.7,0,2.4615384615384617,
2021-02-02 16:16:54.214,-5.37,-2.36,-7.76,0,2.4615384615384617,
2021-02-02 16:16:54.248,-5.31,-2.41,-7.75,0,2.4615384615384617,
2021-02-02 16:16:54.283,-5.35,-2.36,-7.71,0,2.4615384615384617,
2021-02-02 16:16:54.317,-5.38,-2.34,-7.74,0,2.4615384615384617,
2021-02-02 16:16:54.351,-5.34,-2.45,-7.67,0,2.4615384615384617,
2021-02-02 16:16:54.385,-5.33,-2.38,-7.8,0,2.4615384615384617,
2021-02-02 16:16:54.419,-5.38,-2.39,-7.73,0,2.4615384615384617,
2021-02-02 16:16:54.454,-5.4,-2.36,-7.69,0,2.4615384615384617,
2021-02-02 16:16:54.488,-5.42,-2.34,-7.7,0,2.4615384615384617,
2021-02-02 16:16:54.522,-5.33,-2.42,-7.72,0,2.4615384615384617,
2021-02-02 16:16:54.556,-5.35,-2.43,-7.71,0,2.4615384615384617,
2021-02-02 16:16:54.590,-5.4,-2.4,-7.79,0,2.4615384615384617,
2021-02-02 16:16:54.624,-5.33,-2.4,-7.69,0,2.4615384615384617,
2021-02-02 16:16:54.659,-5.34,-2.41,-7.75,0,2.4615384615384617,
2021-02-02 16:16:54.693,-5.36,-2.43,-7.64,0,2.4615384615384617,
2021-02-02 16:16:54.727,-5.36,-2.4,-7.65,0,2.4615384615384617,
2021-02-02 16:16:54.761,-5.35,-2.38,-7.69,0,2.4615384615384617,
2021-02-02 16:16:54.795,-5.35,-2.41,-7.71,0,2.4615384615384617,
2021-02-02 16:16:54.830,-5.34,-2.43,-7.77,0,2.4615384615384617,
2021-02-02 16:16:54.864,-5.36,-2.39,-7.68,0,2.4615384615384617,
2021-02-02 16:16:54.898,-5.3,-2.42,-7.76,0,2.4615384615384617,
2021-02-02 16:16:54.932,-5.35,-2.43,-7.69,0,2.4615384615384617,
2021-02-02 16:16:54.966,-5.36,-2.44,-7.79,0,2.4615384615384617,
2021-02-02 16:16:55.000,-5.4,-2.37,-7.69,0,2.4615384615384617,
2021-02-02 16:16:55.035,-5.34,-2.38,-7.66,0,2.4615384615384617,
2021-02-02 16:16:55.069,-5.33,-2.44,-7.78,0,2.4615384615384617,
2021-02-02 16:16:55.103,-5.37,-2.41,-7.77,0,2.4615384615384617,
2021-02-02 16:16:55.137,-5.36,-2.39,-7.7,0,2.4615384615384617,
2021-02-02 16:16:55.171,-5.34,-2.43,-7.68,0,2.4615384615384617,
2021-02-02 16:16:55.205,-5.36,-2.42,-7.75,0,2.4615384615384617,
2021-02-02 16:16:55.240,-5.37,-2.41,-7.69,0,2.4615384615384617,
2021-02-02 16:16:55.274,-5.37,-2.4,-7.72,0,2.4615384615384617,
2021-02-02 16:16:55.308,-5.38,-2.47,-7.74,0,2.4615384615384617,
2021-02-02 16:16:55.342,-5.37,-2.43,-7.77,0,2.4615384615384617,
2021-02-02 16:16:55.376,-5.37,-2.44,-7.64,0,5.333333333333333,
2021-02-02 16:16:55.411,-5.36,-2.43,-7.68,1,8.615384615384615,
2021-02-02 16:16:55.445,-5.36,-2.4,-7.75,1,8.615384615384615,
2021-02-02 16:16:55.479,-5.34,-2.4,-7.73,1,8.615384615384615,
2021-02-02 16:16:55.513,-5.36,-2.41,-7.7,1,6.974358974358974,
2021-02-02 16:16:55.547,-5.36,-2.4,-7.64,1,6.974358974358974,
2021-02-02 16:16:55.581,-5.37,-2.42,-7.7,1,8.615384615384615,
2021-02-02 16:16:55.616,-5.32,-2.41,-7.74,1,8.205128205128204,
2021-02-02 16:16:55.650,-5.34,-2.4,-7.65,1,8.205128205128204,
2021-02-02 16:16:55.684,-5.34,-2.43,-7.73,1,8.205128205128204,
2021-02-02 16:16:55.718,-5.38,-2.43,-7.69,1,6.974358974358974,
2021-02-02 16:16:55.752,-5.34,-2.43,-7.73,1,8.615384615384615,
2021-02-02 16:16:55.787,-5.37,-2.46,-7.7,1,7.384615384615386,
2021-02-02 16:16:55.821,-5.41,-2.44,-7.66,1,11.076923076923078,
2021-02-02 16:16:55.855,-5.36,-2.43,-7.74,2,13.12820512820513,
2021-02-02 16:16:55.889,-5.36,-2.4,-7.68,2,13.12820512820513,
2021-02-02 16:16:55.923,-5.35,-2.44,-7.64,2,12.307692307692307,
2021-02-02 16:16:55.957,-5.33,-2.44,-7.73,1,11.487179487179489,
2021-02-02 16:16:55.992,-5.36,-2.47,-7.64,1,9.846153846153847,
2021-02-02 16:16:56.026,-5.33,-2.47,-7.71,1,9.846153846153847,
2021-02-02 16:16:56.060,-5.31,-2.45,-7.72,1,9.846153846153847,
2021-02-02 16:16:56.094,-5.35,-2.43,-7.75,1,9.846153846153847,
2021-02-02 16:16:56.128,-5.36,-2.45,-7.67,1,9.846153846153847,
2021-02-02 16:16:56.163,-5.13,-1.69,-10.47,1,9.846153846153847,
2021-02-02 16:16:56.197,-8.1,-0.44,-8.23,1,9.846153846153847,
2021-02-02 16:16:56.231,-4.75,-2.27,-7.05,1,9.846153846153847,
2021-02-02 16:16:56.265,-5.46,-1.5,-7.69,1,9.846153846153847,
2021-02-02 16:16:56.299,-5.05,-0.51,-9.78,1,9.846153846153847,
2021-02-02 16:16:56.333,-6.45,0.68,-9.69,1,10.256410256410257,
2021-02-02 16:16:56.368,-5.22,0.93,-7.63,1,9.846153846153847,
2021-02-02 16:16:56.402,-5.8,2.43,-4.69,1,9.846153846153847,
2021-02-02 16:16:56.436,-4.81,4.67,-5.34,1,10.666666666666666,
2021-02-02 16:16:56.470,-4.09,3.08,-4.91,1,11.076923076923075,
2021-02-02 16:16:56.504,-5.5,4.21,-7.07,1,11.076923076923075,
2021-02-02 16:16:56.538,-5.67,5.75,-2.84,1,11.076923076923075,
2021-02-02 16:16:56.573,-5.4,5.97,-13.08,1,11.076923076923075,
2021-02-02 16:16:56.607,3.47,0.55,1.16,2,13.12820512820513,
2021-02-02 16:16:56.641,-6.9,-22.84,-20.02,2,14.35897435897436,
2021-02-02 16:16:56.675,-1.76,1.1,-7.41,2,13.948717948717949,
2021-02-02 16:16:56.709,0.12,-0.26,-7.8,1,6.153846153846154,
2021-02-02 16:16:56.744,-3.62,0.23,-8.28,0,5.7435897435897445,
2021-02-02 16:16:56.778,-2.33,1.06,-10.48,0,4.923076923076923,
2021-02-02 16:16:56.812,-1.14,-0.4,-8.59,1,6.974358974358974,
2021-02-02 16:16:56.846,-2.88,1.36,-5.62,1,6.974358974358974,
2021-02-02 16:16:57.007,-1.57,1.41,-9.26,1,6.974358974358974,
2021-02-02 16:16:57.168,-1.5,1.48,-9.43,1,6.974358974358974,
2021-02-02 16:16:57.203,-1.47,1.4,-9.4,0,2.4615384615384617,
2021-02-02 16:16:57.237,-1.43,1.48,-9.25,0,2.4615384615384617,
2021-02-02 16:16:57.271,-1.44,1.48,-9.38,0,2.4615384615384617,
2021-02-02 16:16:57.305,-1.39,1.43,-9.35,0,2.4615384615384617,
2021-02-02 16:16:57.339,-1.4,1.41,-9.32,0,2.4615384615384617,
2021-02-02 16:16:57.373,-1.37,1.45,-9.46,0,2.4615384615384617,
2021-02-02 16:16:57.408,-1.4,1.53,-9.38,0,2.4615384615384617,
2021-02-02 16:16:57.442,-1.39,1.42,-9.37,0,2.4615384615384617,
2021-02-02 16:16:57.476,-1.37,1.43,-9.32,0,2.4615384615384617,
2021-02-02 16:16:57.510,-1.32,1.44,-9.32,0,2.4615384615384617,
2021-02-02 16:16:57.544,-1.34,1.46,-9.42,0,2.4615384615384617,
2021-02-02 16:16:57.579,-1.35,1.45,-9.41,0,2.4615384615384617,
2021-02-02 16:16:57.613,-1.35,1.41,-9.35,0,2.4615384615384617,
2021-02-02 16:16:57.647,-1.35,1.45,-9.32,0,2.4615384615384617,
2021-02-02 16:16:57.681,-1.31,1.48,-9.41,0,2.4615384615384617,
2021-02-02 16:16:57.715,-1.26,1.46,-9.39,0,2.4615384615384617,
2021-02-02 16:16:57.749,-1.32,1.41,-9.38,0,2.4615384615384617,
2021-02-02 16:16:57.784,-1.31,1.46,-9.48,0,2.4615384615384617,
2021-02-02 16:16:57.818,-1.29,1.46,-9.39,0,2.4615384615384617,
2021-02-02 16:16:57.852,-1.25,1.44,-9.4,0,2.4615384615384617,
2021-02-02 16:16:57.886,-1.31,1.45,-9.42,0,2.4615384615384617,
2021-02-02 16:16:57.920,-1.26,1.45,-9.4,0,2.4615384615384617,
2021-02-02 16:16:57.955,-1.25,1.41,-9.41,0,2.4615384615384617,
2021-02-02 16:16:57.989,-1.24,1.45,-9.4,0,2.4615384615384617,
2021-02-02 16:16:58.023,-1.26,1.42,-9.39,0,2.4615384615384617,
2021-02-02 16:16:58.057,-1.25,1.46,-9.35,0,2.4615384615384617,
2021-02-02 16:16:58.091,-1.28,1.47,-9.44,0,2.4615384615384617,
2021-02-02 16:16:58.125,-1.19,1.38,-9.39,0,2.4615384615384617,
2021-02-02 16:16:58.160,-1.25,1.44,-9.41,0,2.4615384615384617,
2021-02-02 16:16:58.194,-1.27,1.47,-9.37,0,2.4615384615384617,
2021-02-02 16:16:58.228,-1.23,1.4,-9.41,0,2.4615384615384617,
2021-02-02 16:16:58.262,-1.18,1.38,-9.42,0,4.102564102564103,
2021-02-02 16:16:58.296,-1.27,1.49,-9.44,0,2.4615384615384617,
2021-02-02 16:16:58.330,-1.27,1.39,-9.46,0,2.4615384615384617,
2021-02-02 16:16:58.365,-1.26,1.42,-9.35,0,2.4615384615384617,
2021-02-02 16:16:58.399,-1.26,1.45,-9.38,0,2.4615384615384617,
2021-02-02 16:16:58.433,-1.16,1.4,-9.42,0,2.4615384615384617,
2021-02-02 16:16:58.467,-1.27,1.43,-9.39,0,4.102564102564103,
2021-02-02 16:16:58.501,-1.28,1.39,-9.51,0,2.4615384615384617,
2021-02-02 16:16:58.536,-1.2,1.44,-9.47,0,2.4615384615384617,
2021-02-02 16:16:58.570,-1.19,1.45,-9.41,0,2.4615384615384617,
2021-02-02 16:16:58.604,-1.21,1.42,-9.38,0,2.4615384615384617,
2021-02-02 16:16:58.638,-1.26,1.44,-9.37,0,4.512820512820514,
2021-02-02 16:16:58.672,-1.18,1.44,-9.4,0,3.692307692307693,
2021-02-02 16:16:58.706,-1.17,1.38,-9.41,0,4.512820512820514,
2021-02-02 16:16:58.741,-1.2,1.46,-9.37,0,4.512820512820514,
2021-02-02 16:16:58.775,-1.28,1.38,-9.49,0,4.102564102564103,
2021-02-02 16:16:58.809,-1.23,1.37,-9.41,0,4.102564102564103,
2021-02-02 16:16:58.843,-1.19,1.44,-9.41,0,4.102564102564103,
2021-02-02 16:16:58.877,-1.16,1.49,-9.43,0,4.102564102564103,
2021-02-02 16:16:58.912,-1.21,1.34,-9.42,0,4.102564102564103,
2021-02-02 16:16:58.946,-1.16,1.46,-9.39,0,4.102564102564103,
2021-02-02 16:16:58.980,-1.14,1.42,-9.43,0,4.102564102564103,
2021-02-02 16:16:59.014,-1.16,1.4,-9.4,0,4.102564102564103,
2021-02-02 16:16:59.048,-1.17,1.44,-9.39,0,4.102564102564103,
2021-02-02 16:16:59.082,-1.21,1.41,-9.35,0,4.102564102564103,
2021-02-02 16:16:59.117,-1.13,1.4,-9.44,0,4.102564102564103,
2021-02-02 16:16:59.151,-1.23,1.43,-9.4,0,4.102564102564103,
2021-02-02 16:16:59.185,-1.25,1.41,-9.41,0,4.102564102564103,
2021-02-02 16:16:59.219,-1.19,1.45,-9.35,0,4.102564102564103,
2021-02-02 16:16:59.253,-1.13,1.37,-9.44,0,4.102564102564103,
2021-02-02 16:16:59.288,-1.18,1.44,-9.42,0,4.102564102564103,
2021-02-02 16:16:59.322,-1.24,1.44,-9.39,0,4.102564102564103,
2021-02-02 16:16:59.356,-1.16,1.36,-9.37,0,4.102564102564103,
2021-02-02 16:16:59.390,-1.14,1.48,-9.4,0,4.102564102564103,
2021-02-02 16:16:59.424,-1.15,1.43,-9.38,0,4.102564102564103,
2021-02-02 16:16:59.458,-1.2,1.35,-9.35,0,4.102564102564103,
2021-02-02 16:16:59.493,-1.22,1.44,-9.34,0,4.102564102564103,
2021-02-02 16:16:59.527,-1.11,1.41,-9.47,0,4.102564102564103,
2021-02-02 16:16:59.688,-1.11,1.44,-9.46,0,3.692307692307693,
2021-02-02 16:16:59.722,-1.19,1.4,-9.39,0,3.692307692307693,
2021-02-02 16:16:59.756,-1.17,1.42,-9.5,0,3.692307692307693,
2021-02-02 16:16:59.790,-1.1,1.41,-9.41,0,3.692307692307693,
2021-02-02 16:16:59.825,-1.11,1.37,-9.43,0,3.692307692307693,
2021-02-02 16:16:59.859,-1.22,1.45,-9.45,0,3.692307692307693,
2021-02-02 16:16:59.893,-1.18,1.37,-9.35,0,4.102564102564103,
2021-02-02 16:16:59.927,-1.2,1.53,-9.32,0,3.692307692307693,
2021-02-02 16:16:59.961,-1.11,1.39,-9.36,0,3.692307692307693,
2021-02-02 16:16:59.996,-1.12,1.33,-9.43,0,3.692307692307693,
2021-02-02 16:17:00.030,-1.17,1.41,-9.38,0,3.692307692307693,
2021-02-02 16:17:00.064,-1.16,1.37,-9.47,0,4.102564102564103,
2021-02-02 16:17:00.098,-1.14,1.44,-9.37,0,4.102564102564103,
2021-02-02 16:17:00.132,-1.15,1.41,-9.39,0,4.102564102564103,
2021-02-02 16:17:00.166,-1.15,1.33,-9.44,0,4.102564102564103,
2021-02-02 16:17:00.201,-1.15,1.45,-9.46,0,4.102564102564103,
2021-02-02 16:17:00.235,-1.12,1.35,-9.38,0,4.102564102564103,
2021-02-02 16:17:00.269,-1.17,1.38,-9.41,0,4.102564102564103,
2021-02-02 16:17:00.303,-1.13,1.39,-9.4,0,3.692307692307693,
2021-02-02 16:17:00.337,-1.11,1.37,-9.37,1,6.974358974358974,
2021-02-02 16:17:00.371,-1.11,1.42,-9.38,1,6.974358974358974,
2021-02-02 16:17:00.406,-1.09,1.35,-9.41,1,6.974358974358974,
2021-02-02 16:17:00.440,-1.17,1.45,-9.41,1,6.974358974358974,
2021-02-02 16:17:00.474,-1.14,1.41,-9.47,1,6.974358974358974,
2021-02-02 16:17:00.508,-1.1,1.32,-9.45,1,6.974358974358974,
2021-02-02 16:17:00.542,-1.07,1.47,-9.43,1,6.974358974358974,
2021-02-02 16:17:00.577,-1.16,1.38,-9.39,1,6.974358974358974,
2021-02-02 16:17:00.611,-1.15,1.38,-9.44,1,6.974358974358974,
2021-02-02 16:17:00.645,-1.15,1.42,-9.44,1,6.153846153846153,
2021-02-02 16:17:00.679,-1.07,1.33,-9.43,1,6.974358974358974,
2021-02-02 16:17:00.713,-1.14,1.4,-9.36,1,6.974358974358974,
2021-02-02 16:17:00.747,-1.12,1.45,-9.43,1,6.974358974358974,
2021-02-02 16:17:00.782,-1.14,1.39,-9.43,0,4.512820512820514,
2021-02-02 16:17:00.816,-1.13,1.37,-9.4,0,4.512820512820514,
2021-02-02 16:17:00.850,-1.08,1.37,-9.43,0,4.512820512820514,
2021-02-02 16:17:01.138,-1.1,1.38,-9.39,0,4.512820512820514,
2021-02-02 16:17:01.300,-1.1,1.41,-9.37,0,4.512820512820514,
2021-02-02 16:17:01.334,-1.06,1.41,-9.37,0,4.512820512820514,
2021-02-02 16:17:01.369,-1.07,1.39,-9.41,0,4.512820512820514,
2021-02-02 16:17:01.403,-1.11,1.37,-9.31,1,9.025641025641027,
2021-02-02 16:17:01.437,-1.08,1.4,-9.38,1,9.025641025641027,
2021-02-02 16:17:01.471,-1.05,1.42,-9.4,1,9.025641025641027,
2021-02-02 16:17:01.505,-1.1,1.39,-9.37,1,9.025641025641027,
2021-02-02 16:17:01.539,-1.09,1.4,-9.36,1,9.025641025641027,
2021-02-02 16:17:01.574,-1.11,1.39,-9.46,1,9.025641025641027,
2021-02-02 16:17:01.608,-1.07,1.35,-9.42,1,9.025641025641027,
2021-02-02 16:17:01.642,-1.09,1.34,-9.46,1,9.025641025641027,
2021-02-02 16:17:01.676,-1.1,1.4,-9.43,1,6.9743589743589745,
2021-02-02 16:17:01.710,-1.09,1.37,-9.37,1,8.615384615384615,
2021-02-02 16:17:01.745,-1.11,1.35,-9.48,1,9.025641025641027,
2021-02-02 16:17:01.779,-1.08,1.4,-9.47,1,9.025641025641027,
2021-02-02 16:17:01.813,-1.15,1.38,-9.35,1,9.025641025641027,
2021-02-02 16:17:01.847,-1.09,1.38,-9.43,1,9.025641025641027,
2021-02-02 16:17:01.881,-1.07,1.37,-9.38,1,8.615384615384615,
2021-02-02 16:17:01.915,-1.12,1.43,-9.45,1,8.615384615384615,
2021-02-02 16:17:01.950,-1.07,1.39,-9.36,1,8.615384615384615,
2021-02-02 16:17:01.984,-1.03,1.37,-9.38,1,8.615384615384615,
2021-02-02 16:17:02.018,-1.11,1.37,-9.41,1,6.9743589743589745,
2021-02-02 16:17:02.052,-1.13,1.31,-9.4,1,6.9743589743589745,
2021-02-02 16:17:02.086,-1.09,1.36,-9.42,1,9.025641025641027,
2021-02-02 16:17:02.121,-1.07,1.37,-9.51,1,9.025641025641027,
2021-02-02 16:17:02.155,-1.08,1.36,-9.41,1,9.025641025641027,
2021-02-02 16:17:02.189,-1.13,1.36,-9.5,1,9.025641025641027,
2021-02-02 16:17:02.223,-1.12,1.4,-9.35,1,9.025641025641027,
2021-02-02 16:17:02.257,-1.03,1.4,-9.38,1,9.025641025641027,
2021-02-02 16:17:02.291,-1.05,1.42,-9.39,0,2.4615384615384617,
2021-02-02 16:17:02.326,-1.09,1.31,-9.41,0,2.4615384615384617,
2021-02-02 16:17:02.360,-1.08,1.34,-9.45,0,2.4615384615384617,
2021-02-02 16:17:02.394,-1.08,1.37,-9.38,0,2.4615384615384617,
2021-02-02 16:17:02.428,-1.07,1.31,-9.35,0,2.4615384615384617,
2021-02-02 16:17:02.462,-1.12,1.39,-9.45,0,2.4615384615384617,
2021-02-02 16:17:02.496,-1.11,1.35,-9.43,0,2.4615384615384617,
2021-02-02 16:17:02.531,-1.03,1.4,-9.35,0,2.4615384615384617,
2021-02-02 16:17:02.565,-1.09,1.37,-9.32,1,6.974358974358974,
2021-02-02 16:17:02.599,-1.13,1.34,-9.4,1,6.974358974358974,
2021-02-02 16:17:02.633,-1.09,1.37,-9.37,1,6.974358974358974,
2021-02-02 16:17:02.667,-1.05,1.38,-9.38,0,2.4615384615384617,
2021-02-02 16:17:02.702,-1.08,1.37,-9.4,0,2.4615384615384617,
2021-02-02 16:17:02.736,-1.09,1.37,-9.44,1,6.974358974358974,
2021-02-02 16:17:02.770,-1.08,1.38,-9.44,1,6.974358974358974,
2021-02-02 16:17:02.804,-1.09,1.38,-9.39,1,6.974358974358974,
2021-02-02 16:17:02.838,-1.08,1.36,-9.41,1,6.974358974358974,
2021-02-02 16:17:02.872,-1.12,1.35,-9.41,0,4.923076923076923,
2021-02-02 16:17:02.907,-1.08,1.35,-9.42,0,4.923076923076923,
2021-02-02 16:17:02.941,-1.08,1.38,-9.38,0,4.923076923076923,
2021-02-02 16:17:02.975,-1.09,1.35,-9.44,0,4.923076923076923,
2021-02-02 16:17:03.009,-1.09,1.39,-9.42,0,4.923076923076923,
2021-02-02 16:17:03.043,-1.06,1.38,-9.39,0,4.923076923076923,
2021-02-02 16:17:03.078,-1.08,1.37,-9.41,0,4.923076923076923,
2021-02-02 16:17:03.112,-1.07,1.36,-9.47,0,4.923076923076923,
2021-02-02 16:17:03.146,-1.08,1.37,-9.38,0,4.923076923076923,
2021-02-02 16:17:03.180,-1.06,1.36,-9.44,0,4.923076923076923,
2021-02-02 16:17:03.214,-1.08,1.36,-9.47,0,4.923076923076923,
2021-02-02 16:17:03.248,-1.08,1.36,-9.41,0,4.923076923076923,
2021-02-02 16:17:03.283,-1.1,1.34,-9.43,0,4.923076923076923,
2021-02-02 16:17:03.317,-1.1,1.38,-9.36,0,4.923076923076923,
2021-02-02 16:17:03.351,-1.04,1.37,-9.42,0,4.923076923076923,
2021-02-02 16:17:03.385,-1.05,1.35,-9.39,0,4.923076923076923,
2021-02-02 16:17:03.419,-1.06,1.37,-9.45,0,4.923076923076923,
2021-02-02 16:17:03.454,-1.08,1.33,-9.42,0,4.923076923076923,
2021-02-02 16:17:03.488,-1.04,1.37,-9.42,0,4.923076923076923,
2021-02-02 16:17:03.522,-1.11,1.37,-9.41,0,4.923076923076923,
2021-02-02 16:17:03.556,-1.07,1.39,-9.45,0,4.923076923076923,
2021-02-02 16:17:03.590,-1.07,1.37,-9.43,0,4.923076923076923,
2021-02-02 16:17:03.624,-1.1,1.34,-9.37,0,4.923076923076923,
2021-02-02 16:17:03.659,-1.07,1.35,-9.47,0,4.923076923076923,
2021-02-02 16:17:03.693,-1.0,1.37,-9.39,0,4.923076923076923,
2021-02-02 16:17:03.727,-1.08,1.34,-9.44,0,4.923076923076923,
2021-02-02 16:17:03.761,-1.1,1.37,-9.4,1,6.974358974358974,
2021-02-02 16:17:03.795,-1.05,1.37,-9.45,1,6.974358974358974,
2021-02-02 16:17:03.830,-1.08,1.37,-9.38,1,6.974358974358974,
2021-02-02 16:17:03.864,-1.08,1.35,-9.38,1,6.974358974358974,
2021-02-02 16:17:03.898,-1.05,1.32,-9.47,1,11.487179487179487,
2021-02-02 16:17:03.932,-1.08,1.34,-9.4,1,11.487179487179487,
2021-02-02 16:17:03.966,-1.09,1.36,-9.4,1,6.974358974358974,
2021-02-02 16:17:04.000,-1.06,1.35,-9.46,1,6.974358974358974,
2021-02-02 16:17:04.035,-1.1,1.38,-9.45,1,6.974358974358974,
2021-02-02 16:17:04.069,-1.08,1.34,-9.42,1,11.487179487179487,
2021-02-02 16:17:04.103,-1.09,1.42,-9.38,1,11.487179487179487,
2021-02-02 16:17:04.137,-1.06,1.39,-9.38,1,6.974358974358974,
2021-02-02 16:17:04.171,-1.1,1.37,-9.52,1,6.974358974358974,
2021-02-02 16:17:04.205,-1.08,1.37,-9.47,1,6.974358974358974,
2021-02-02 16:17:04.240,-1.06,1.34,-9.45,1,6.974358974358974,
2021-02-02 16:17:04.274,-1.04,1.36,-9.37,1,6.974358974358974,
2021-02-02 16:17:04.308,-1.08,1.32,-9.42,1,6.974358974358974,
2021-02-02 16:17:04.342,-1.06,1.33,-9.38,1,6.974358974358974,
2021-02-02 16:17:04.376,-1.07,1.35,-9.44,1,6.974358974358974,
2021-02-02 16:17:04.411,-1.09,1.36,-9.45,1,6.974358974358974,
2021-02-02 16:17:04.445,-1.05,1.39,-9.38,1,6.974358974358974,
2021-02-02 16:17:04.479,-1.06,1.33,-9.39,1,6.974358974358974,
2021-02-02 16:17:04.513,-1.08,1.36,-9.45,1,6.974358974358974,
2021-02-02 16:17:04.547,-1.03,1.35,-9.34,1,6.974358974358974,
2021-02-02 16:17:04.581,-1.09,1.38,-9.42,1,6.974358974358974,
2021-02-02 16:17:04.616,-1.04,1.32,-9.39,1,6.974358974358974,
2021-02-02 16:17:04.650,-1.03,1.37,-9.41,1,6.974358974358974,
2021-02-02 16:17:04.684,-1.08,1.37,-9.42,1,6.974358974358974,
2021-02-02 16:17:04.718,-1.06,1.36,-9.44,1,6.974358974358974,
2021-02-02 16:17:04.752,-1.03,1.37,-9.43,0,5.333333333333333,
2021-02-02 16:17:05.040,-1.03,1.38,-9.42,1,11.076923076923078,
2021-02-02 16:17:05.203,-1.08,1.35,-9.42,1,9.846153846153847,
2021-02-02 16:17:05.237,-1.06,1.34,-9.38,1,9.025641025641026,
2021-02-02 16:17:05.271,-1.03,1.33,-9.45,1,9.025641025641026,
2021-02-02 16:17:05.305,-1.09,1.35,-9.38,1,9.846153846153847,
2021-02-02 16:17:05.339,-1.06,1.35,-9.45,1,9.846153846153847,
2021-02-02 16:17:05.373,-1.06,1.37,-9.45,1,8.615384615384615,
2021-02-02 16:17:05.408,-1.09,1.39,-9.43,1,9.025641025641027,
2021-02-02 16:17:05.442,-1.03,1.39,-9.47,1,10.666666666666666,
2021-02-02 16:17:05.476,-1.07,1.37,-9.42,1,9.025641025641027,
2021-02-02 16:17:05.510,-1.02,1.34,-9.4,1,10.666666666666666,
2021-02-02 16:17:05.544,-1.06,1.33,-9.44,1,10.256410256410257,
2021-02-02 16:17:05.579,-1.06,1.36,-9.43,1,10.256410256410257,
2021-02-02 16:17:05.613,-1.03,1.32,-9.39,1,9.846153846153847,
2021-02-02 16:17:05.647,-1.05,1.33,-9.45,1,9.846153846153847,
2021-02-02 16:17:05.681,-1.07,1.34,-9.47,1,10.256410256410257,
2021-02-02 16:17:05.715,-1.03,1.36,-9.48,1,10.256410256410257,
2021-02-02 16:17:05.749,-1.06,1.41,-9.49,1,10.256410256410257,
2021-02-02 16:17:05.784,-1.03,1.31,-9.39,1,10.256410256410257,
2021-02-02 16:17:05.818,-1.03,1.33,-9.44,1,10.256410256410257,
2021-02-02 16:17:05.852,-1.06,1.37,-9.37,1,9.846153846153847,
2021-02-02 16:17:05.886,-1.04,1.35,-9.46,1,9.846153846153847,
2021-02-02 16:17:05.920,-0.81,1.07,-8.09,1,9.846153846153847,
2021-02-02 16:17:05.955,-1.52,1.83,-8.34,1,9.846153846153847,
2021-02-02 16:17:05.989,-1.22,1.11,-9.71,1,9.846153846153847,
2021-02-02 16:17:06.023,-0.75,1.08,-9.45,1,9.846153846153847,
2021-02-02 16:17:06.057,-1.11,1.71,-9.44,1,11.076923076923078,
2021-02-02 16:17:06.091,-0.92,1.18,-9.28,1,9.846153846153847,
2021-02-02 16:17:06.125,-1.11,1.28,-9.43,1,9.846153846153847,
2021-02-02 16:17:06.160,-1.18,1.67,-9.59,1,9.846153846153847,
2021-02-02 16:17:06.194,-0.81,1.19,-8.84,1,9.846153846153847,
2021-02-02 16:17:06.228,-1.27,1.59,-9.27,1,9.846153846153847,
2021-02-02 16:17:06.262,-1.02,1.32,-9.92,1,8.205128205128204,
2021-02-02 16:17:06.296,-0.98,1.01,-9.7,1,8.205128205128204,
2021-02-02 16:17:06.330,-1.18,1.54,-9.44,1,9.435897435897436,
2021-02-02 16:17:06.365,-1.13,1.48,-9.24,1,6.564102564102565,
2021-02-02 16:17:06.399,-0.96,1.15,-9.47,1,6.564102564102565,
2021-02-02 16:17:06.433,-1.11,1.4,-9.43,1,9.435897435897436,
2021-02-02 16:17:06.467,-1.06,1.44,-9.37,1,6.564102564102565,
2021-02-02 16:17:06.501,-0.97,1.32,-9.35,1,6.564102564102565,
2021-02-02 16:17:06.536,-1.06,1.48,-9.41,1,6.564102564102565,
2021-02-02 16:17:06.570,-1.15,1.28,-9.42,1,6.564102564102565,
2021-02-02 16:17:06.604,-1.11,1.3,-9.46,1,6.564102564102565,
2021-02-02 16:17:06.638,-1.01,1.43,-9.32,1,6.564102564102565,
2021-02-02 16:17:06.672,-0.87,1.25,-9.38,1,6.564102564102565,
2021-02-02 16:17:06.706,-1.04,1.4,-9.47,0,3.692307692307693,
2021-02-02 16:17:06.741,-1.15,1.39,-9.4,0,3.692307692307693,
2021-02-02 16:17:06.775,-1.05,1.29,-9.43,0,3.692307692307693,
2021-02-02 16:17:06.809,-1.02,1.43,-9.44,0,3.692307692307693,
2021-02-02 16:17:06.843,-1.0,1.37,-9.4,0,3.692307692307693,
2021-02-02 16:17:06.877,-1.03,1.22,-9.43,0,3.2820512820512824,
2021-02-02 16:17:06.912,-1.16,1.42,-9.44,0,3.2820512820512824,
2021-02-02 16:17:06.946,-1.05,1.3,-9.34,0,3.2820512820512824,
2021-02-02 16:17:06.980,-0.94,1.33,-9.38,0,3.2820512820512824,
2021-02-02 16:17:07.014,-1.06,1.44,-9.49,0,3.2820512820512824,
2021-02-02 16:17:07.048,-1.14,1.42,-9.41,0,4.102564102564103,
2021-02-02 16:17:07.210,-1.09,1.35,-9.42,0,4.102564102564103,
2021-02-02 16:17:07.245,-1.17,1.38,-9.48,0,4.102564102564103,
2021-02-02 16:17:07.279,-1.03,1.36,-9.45,0,4.102564102564103,
2021-02-02 16:17:07.313,-1.02,1.39,-9.44,0,4.102564102564103,
2021-02-02 16:17:07.347,-1.03,1.45,-9.43,0,4.102564102564103,
2021-02-02 16:17:07.381,-1.08,1.36,-9.44,0,4.102564102564103,
2021-02-02 16:17:07.415,-1.08,1.36,-9.45,0,4.102564102564103,
2021-02-02 16:17:07.450,-0.99,1.37,-9.45,0,4.102564102564103,
2021-02-02 16:17:07.484,-1.01,1.37,-9.39,0,4.102564102564103,
2021-02-02 16:17:07.518,-1.04,1.32,-9.42,0,2.4615384615384617,
2021-02-02 16:17:07.552,-1.05,1.33,-9.42,0,2.4615384615384617,
2021-02-02 16:17:07.586,-1.03,1.35,-9.37,0,2.4615384615384617,
2021-02-02 16:17:07.621,-1.01,1.35,-9.41,0,2.4615384615384617,
2021-02-02 16:17:07.655,-1.07,1.37,-9.38,0,2.4615384615384617,
2021-02-02 16:17:07.689,-1.04,1.4,-9.45,0,2.4615384615384617,
2021-02-02 16:17:07.723,-1.05,1.36,-9.41,0,2.4615384615384617,
2021-02-02 16:17:07.757,-0.99,1.37,-9.37,0,2.4615384615384617,
2021-02-02 16:17:07.791,-1.0,1.39,-9.48,0,2.4615384615384617,
2021-02-02 16:17:07.826,-1.06,1.33,-9.4,0,2.4615384615384617,
2021-02-02 16:17:07.860,-1.05,1.34,-9.47,0,4.102564102564103,
2021-02-02 16:17:07.894,-0.99,1.38,-9.42,0,4.102564102564103,
2021-02-02 16:17:07.928,-1.04,1.33,-9.39,0,4.102564102564103,
2021-02-02 16:17:07.962,-1.03,1.37,-9.38,0,3.2820512820512824,
2021-02-02 16:17:07.996,-1.03,1.4,-9.38,0,3.2820512820512824,
2021-02-02 16:17:08.031,-1.03,1.33,-9.46,0,3.2820512820512824,
2021-02-02 16:17:08.065,-1.06,1.36,-9.37,0,3.2820512820512824,
2021-02-02 16:17:08.099,-1.03,1.36,-9.47,0,3.2820512820512824,
2021-02-02 16:17:08.133,-1.06,1.32,-9.44,0,3.2820512820512824,
2021-02-02 16:17:08.167,-1.01,1.37,-9.49,0,3.2820512820512824,
2021-02-02 16:17:08.202,-1.03,1.38,-9.43,0,3.2820512820512824,
2021-02-02 16:17:08.236,-1.06,1.34,-9.31,0,3.2820512820512824,
2021-02-02 16:17:08.270,-1.03,1.35,-9.38,0,3.2820512820512824,
2021-02-02 16:17:08.304,-1.06,1.38,-9.46,0,3.2820512820512824,
2021-02-02 16:17:08.338,-1.05,1.39,-9.5,0,3.2820512820512824,
2021-02-02 16:17:08.372,-1.08,1.4,-9.41,0,3.2820512820512824,
2021-02-02 16:17:08.407,-1.07,1.33,-9.44,0,4.102564102564103,
2021-02-02 16:17:08.441,-1.02,1.37,-9.43,0,4.923076923076923,
2021-02-02 16:17:08.475,-1.01,1.4,-9.35,0,4.923076923076923,
2021-02-02 16:17:08.509,-1.03,1.32,-9.39,1,8.615384615384615,
2021-02-02 16:17:08.543,-1.05,1.36,-9.43,1,6.564102564102565,
2021-02-02 16:17:08.578,-1.05,1.33,-9.46,1,6.564102564102565,
2021-02-02 16:17:08.612,-1.0,1.4,-9.42,1,6.564102564102565,
2021-02-02 16:17:08.646,-0.99,1.38,-9.41,1,6.564102564102565,
2021-02-02 16:17:08.680,-1.06,1.33,-9.35,1,6.564102564102565,
2021-02-02 16:17:08.714,-1.05,1.37,-9.41,1,6.564102564102565,
2021-02-02 16:17:09.003,-1.03,1.36,-9.41,1,6.564102564102565,
2021-02-02 16:17:09.293,-1.05,1.34,-9.48,1,6.564102564102565,
2021-02-02 16:17:09.328,-1.01,1.31,-9.47,1,6.564102564102565,
2021-02-02 16:17:09.362,-1.05,1.38,-9.36,1,6.564102564102565,
2021-02-02 16:17:09.396,-1.06,1.34,-9.39,1,6.564102564102565,
2021-02-02 16:17:09.430,-1.06,1.37,-9.47,1,6.9743589743589745,
2021-02-02 16:17:09.464,-1.03,1.37,-9.38,1,8.205128205128206,
2021-02-02 16:17:09.498,-1.03,1.34,-9.46,1,8.205128205128206,
2021-02-02 16:17:09.533,-1.07,1.33,-9.45,1,8.205128205128206,
2021-02-02 16:17:09.567,-1.02,1.35,-9.45,1,9.435897435897436,
2021-02-02 16:17:09.601,-1.03,1.38,-9.36,1,8.205128205128206,
2021-02-02 16:17:09.635,-1.01,1.36,-9.45,1,7.794871794871796,
2021-02-02 16:17:09.669,-1.1,1.37,-9.47,1,7.794871794871796,
2021-02-02 16:17:09.704,-1.05,1.33,-9.41,1,6.974358974358975,
2021-02-02 16:17:09.738,-1.01,1.34,-9.44,0,5.333333333333333,
2021-02-02 16:17:09.772,-1.02,1.31,-9.47,0,5.333333333333333,
2021-02-02 16:17:09.806,-1.05,1.36,-9.35,1,6.9743589743589745,
2021-02-02 16:17:09.840,-1.06,1.39,-9.42,1,8.615384615384615,
2021-02-02 16:17:09.874,-1.06,1.36,-9.62,1,8.615384615384615,
2021-02-02 16:17:09.909,-0.94,1.3,-9.26,1,8.615384615384615,
2021-02-02 16:17:09.943,-0.99,1.23,-9.54,1,8.615384615384615,
2021-02-02 16:17:09.977,-1.06,1.36,-9.46,0,4.512820512820514,
2021-02-02 16:17:10.011,-0.96,1.32,-9.39,0,4.923076923076923,
2021-02-02 16:17:10.045,-1.04,1.29,-9.42,0,2.8717948717948723,
2021-02-02 16:17:10.080,-1.07,1.41,-9.35,0,2.8717948717948723,
2021-02-02 16:17:10.114,-1.07,1.25,-9.39,0,2.8717948717948723,
2021-02-02 16:17:10.148,-1.03,1.38,-9.43,0,4.512820512820514,
2021-02-02 16:17:10.182,-1.01,1.35,-9.46,0,2.8717948717948723,
2021-02-02 16:17:10.216,-0.99,1.32,-9.42,0,4.512820512820514,
2021-02-02 16:17:10.250,-1.06,1.34,-9.47,0,2.8717948717948723,
2021-02-02 16:17:10.285,-1.0,1.36,-9.48,0,4.512820512820514,
2021-02-02 16:17:10.319,-1.01,1.33,-9.48,0,4.512820512820514,
2021-02-02 16:17:10.353,-1.06,1.34,-9.38,1,7.794871794871796,
2021-02-02 16:17:10.387,-1.01,1.34,-9.47,0,4.512820512820514,
2021-02-02 16:17:10.421,-1.05,1.32,-9.47,0,4.512820512820514,
2021-02-02 16:17:10.455,-1.07,1.35,-9.38,0,4.512820512820514,
2021-02-02 16:17:10.490,-1.06,1.31,-9.36,0,4.512820512820514,
2021-02-02 16:17:10.524,-1.01,1.34,-9.5,0,4.512820512820514,
2021-02-02 16:17:10.558,-0.98,1.32,-9.41,0,2.4615384615384617,
2021-02-02 16:17:10.592,-0.99,1.33,-9.41,0,2.4615384615384617,
2021-02-02 16:17:10.626,-1.02,1.33,-9.36,0,2.4615384615384617,
2021-02-02 16:17:10.661,-1.0,1.34,-9.35,0,2.4615384615384617,
2021-02-02 16:17:10.695,-0.99,1.32,-9.45,0,2.4615384615384617,
2021-02-02 16:17:10.729,-1.09,1.33,-9.36,0,2.4615384615384617,
2021-02-02 16:17:10.763,-1.04,1.36,-9.42,0,2.4615384615384617,
2021-02-02 16:17:10.797,-1.02,1.32,-9.4,0,2.4615384615384617,
2021-02-02 16:17:10.831,-0.98,1.32,-9.44,0,2.4615384615384617,
2021-02-02 16:17:10.866,-1.03,1.29,-9.51,1,6.974358974358974,
2021-02-02 16:17:10.900,-1.01,1.3,-9.48,1,6.974358974358974,
2021-02-02 16:17:10.934,-1.04,1.34,-9.36,1,6.974358974358974,
2021-02-02 16:17:10.968,-1.04,1.33,-9.51,0,5.333333333333333,
2021-02-02 16:17:11.002,-1.05,1.3,-9.36,0,5.333333333333333,
2021-02-02 16:17:11.037,-1.01,1.34,-9.42,0,5.333333333333333,
2021-02-02 16:17:11.071,-1.02,1.36,-9.45,0,5.333333333333333,
2021-02-02 16:17:11.105,-1.08,1.35,-9.46,2,12.71794871794872,
2021-02-02 16:17:11.139,-1.02,1.29,-9.49,2,12.71794871794872,
2021-02-02 16:17:11.173,-1.01,1.33,-9.43,2,12.71794871794872,
2021-02-02 16:17:11.207,-1.03,1.33,-9.45,2,12.71794871794872,
2021-02-02 16:17:11.242,-1.03,1.35,-9.45,2,13.538461538461538,
2021-02-02 16:17:11.276,-1.0,1.33,-9.46,1,10.666666666666666,
2021-02-02 16:17:11.310,-1.02,1.3,-9.48,2,13.12820512820513,
2021-02-02 16:17:11.344,-1.03,1.36,-9.43,2,13.12820512820513,
2021-02-02 16:17:11.378,-1.0,1.34,-9.47,2,13.12820512820513,
2021-02-02 16:17:11.413,-1.01,1.3,-9.32,2,13.12820512820513,
2021-02-02 16:17:11.447,-0.99,1.31,-9.42,2,13.12820512820513,
2021-02-02 16:17:11.481,-1.0,1.34,-9.43,2,13.538461538461538,
2021-02-02 16:17:11.515,-1.02,1.31,-9.47,2,13.12820512820513,
2021-02-02 16:17:11.549,-0.98,1.32,-9.46,2,13.12820512820513,
2021-02-02 16:17:11.583,-1.04,1.33,-9.45,2,13.12820512820513,
2021-02-02 16:17:11.618,-1.01,1.32,-9.5,2,13.12820512820513,
2021-02-02 16:17:11.652,-0.91,1.48,-9.44,2,13.12820512820513,
2021-02-02 16:17:11.686,-1.03,1.3,-9.39,2,13.12820512820513,
2021-02-02 16:17:11.720,-0.99,1.27,-9.45,2,13.12820512820513,
2021-02-02 16:17:11.754,-0.89,1.41,-9.43,2,13.12820512820513,
2021-02-02 16:17:11.788,-1.1,1.27,-9.45,1,8.615384615384615,
2021-02-02 16:17:11.823,-1.0,1.36,-9.28,1,8.615384615384615,
2021-02-02 16:17:11.857,-0.89,1.26,-9.48,1,8.615384615384615,
2021-02-02 16:17:11.891,-1.02,1.33,-9.13,1,11.076923076923078,
2021-02-02 16:17:11.925,-0.98,1.28,-9.64,1,11.076923076923078,
2021-02-02 16:17:11.959,-0.75,1.24,-9.56,1,11.076923076923078,
2021-02-02 16:17:11.994,-1.06,1.36,-9.28,1,8.615384615384615,
2021-02-02 16:17:12.028,-1.05,1.26,-9.14,1,8.615384615384615,
2021-02-02 16:17:12.062,-1.03,1.32,-9.43,1,8.615384615384615,
2021-02-02 16:17:12.096,-0.95,1.38,-9.56,1,8.615384615384615,
2021-02-02 16:17:12.130,-0.95,1.35,-9.43,1,8.615384615384615,
2021-02-02 16:17:12.164,-1.03,1.32,-9.35,1,8.615384615384615,
2021-02-02 16:17:12.199,-1.0,1.33,-9.37,1,9.025641025641027,
2021-02-02 16:17:12.233,-0.95,1.31,-9.47,1,7.794871794871796,
2021-02-02 16:17:12.267,-0.97,1.3,-9.41,1,7.794871794871796,
2021-02-02 16:17:12.301,-0.99,1.32,-9.37,1,7.794871794871796,
2021-02-02 16:17:12.335,-0.98,1.32,-9.5,1,7.794871794871796,
2021-02-02 16:17:12.370,-1.03,1.28,-9.46,1,7.794871794871796,
2021-02-02 16:17:12.404,-0.78,1.29,-9.4,0,4.512820512820514,
2021-02-02 16:17:12.438,-0.86,1.32,-9.63,0,4.512820512820514,
2021-02-02 16:17:12.472,-0.9,1.34,-9.33,0,4.512820512820514,
2021-02-02 16:17:12.506,-0.8,1.07,-9.74,0,4.512820512820514,
2021-02-02 16:17:12.540,-0.58,1.25,-9.4,0,4.512820512820514,
2021-02-02 16:17:12.575,-0.63,1.3,-9.59,0,4.512820512820514,
2021-02-02 16:17:12.609,-0.79,1.15,-9.67,0,4.512820512820514,
2021-02-02 16:17:12.643,-0.74,1.24,-9.58,0,4.512820512820514,
2021-02-02 16:17:12.677,-0.77,1.23,-9.47,0,2.4615384615384617,
2021-02-02 16:17:12.711,-0.8,1.21,-9.51,0,2.4615384615384617,
2021-02-02 16:17:12.872,-0.84,1.19,-9.46,1,9.025641025641027,
2021-02-02 16:17:13.036,-0.87,1.21,-9.43,1,9.025641025641027,
2021-02-02 16:17:13.070,-0.73,1.27,-9.37,0,2.4615384615384617,
2021-02-02 16:17:13.104,-0.8,1.2,-9.45,0,5.7435897435897445,
2021-02-02 16:17:13.138,-0.81,1.21,-9.45,1,8.205128205128206,
2021-02-02 16:17:13.172,-0.8,1.25,-9.44,1,6.153846153846154,
2021-02-02 16:17:13.206,-0.84,1.15,-9.52,0,5.743589743589744,
2021-02-02 16:17:13.241,-0.86,1.26,-9.52,0,5.743589743589744,
2021-02-02 16:17:13.275,-0.77,1.27,-9.42,0,5.743589743589744,
2021-02-02 16:17:13.309,-0.75,1.22,-9.46,1,6.564102564102565,
2021-02-02 16:17:13.343,-0.86,1.26,-9.45,1,6.564102564102565,
2021-02-02 16:17:13.377,-0.82,1.19,-9.49,1,6.153846153846154,
2021-02-02 16:17:13.412,-0.77,1.25,-9.47,1,6.153846153846154,
2021-02-02 16:17:13.446,-0.78,1.29,-9.47,1,6.153846153846154,
2021-02-02 16:17:13.480,-0.85,1.22,-9.45,0,4.923076923076923,
2021-02-02 16:17:13.514,-0.79,1.29,-9.45,0,5.743589743589744,
2021-02-02 16:17:13.548,-0.77,1.28,-9.47,1,6.153846153846154,
2021-02-02 16:17:13.582,-0.79,1.25,-9.49,1,6.153846153846154,
2021-02-02 16:17:13.617,-0.87,1.23,-9.52,1,6.153846153846154,
2021-02-02 16:17:13.651,-0.86,1.22,-9.46,1,6.153846153846154,
2021-02-02 16:17:13.685,-0.76,1.25,-9.46,1,6.153846153846154,
2021-02-02 16:17:13.719,-0.83,1.23,-9.45,1,7.384615384615384,
2021-02-02 16:17:13.753,-0.89,1.27,-9.39,1,7.384615384615384,
2021-02-02 16:17:13.788,-0.86,1.21,-9.47,1,7.384615384615384,
2021-02-02 16:17:13.822,-0.88,1.3,-9.36,1,11.487179487179487,
2021-02-02 16:17:13.856,-0.86,1.17,-9.39,2,16.0,
2021-02-02 16:17:13.890,-1.38,1.26,-8.85,0,3.692307692307692,
2021-02-02 16:17:13.924,-1.01,1.19,-10.12,2,12.307692307692308,
2021-02-02 16:17:13.958,-0.55,1.15,-9.84,2,12.307692307692308,
2021-02-02 16:17:13.993,-0.67,1.11,-9.37,2,12.307692307692308,
2021-02-02 16:17:14.027,-0.45,1.08,-9.79,2,13.94871794871795,
2021-02-02 16:17:14.061,-0.5,1.03,-9.53,2,14.35897435897436,
2021-02-02 16:17:14.095,-0.62,1.09,-9.56,2,14.769230769230768,
2021-02-02 16:17:14.257,-0.83,1.18,-9.53,2,14.769230769230768,
2021-02-02 16:17:14.291,-0.85,1.21,-9.47,2,14.769230769230768,
2021-02-02 16:17:14.326,-0.7,1.09,-9.58,2,14.769230769230768,
2021-02-02 16:17:14.360,-0.69,1.19,-9.48,2,14.769230769230768,
2021-02-02 16:17:14.394,-0.75,1.19,-9.33,2,14.769230769230768,
2021-02-02 16:17:14.428,-0.7,1.06,-9.54,2,14.769230769230768,
2021-02-02 16:17:14.462,-0.76,1.12,-9.52,2,14.769230769230768,
2021-02-02 16:17:14.496,-0.58,1.16,-9.56,2,14.769230769230768,
2021-02-02 16:17:14.531,-0.66,1.07,-9.41,2,14.769230769230768,
2021-02-02 16:17:14.565,-0.56,1.14,-9.58,2,14.769230769230768,
2021-02-02 16:17:14.599,-0.73,1.12,-9.54,2,14.35897435897436,
2021-02-02 16:17:14.633,-0.55,1.13,-9.51,2,13.94871794871795,
2021-02-02 16:17:14.667,-0.66,1.07,-9.17,2,13.53846153846154,
2021-02-02 16:17:14.702,-0.51,1.14,-9.57,2,14.35897435897436,
2021-02-02 16:17:14.736,-0.61,1.09,-9.66,2,14.35897435897436,
2021-02-02 16:17:14.770,-0.56,1.21,-9.44,2,14.35897435897436,
2021-02-02 16:17:14.804,0.25,1.21,-10.3,2,16.0,
2021-02-02 16:17:14.838,-1.7,1.99,-6.84,2,16.0,
2021-02-02 16:17:14.872,-0.77,0.96,-10.01,2,16.0,
2021-02-02 16:17:14.907,-0.76,1.13,-9.45,2,16.0,
2021-02-02 16:17:14.941,-0.77,1.19,-9.46,2,16.0,
2021-02-02 16:17:14.975,-0.76,1.2,-9.41,2,16.0,
2021-02-02 16:17:15.009,-0.74,1.19,-9.35,2,16.0,
2021-02-02 16:17:15.043,-0.76,1.17,-9.53,2,16.0,
2021-02-02 16:17:15.078,-0.75,1.15,-9.47,2,16.0,
2021-02-02 16:17:15.112,-0.68,1.18,-9.45,2,16.0,
2021-02-02 16:17:15.146,-0.77,1.21,-9.45,2,16.0,
2021-02-02 16:17:15.180,-0.78,1.15,-9.53,2,16.0,
2021-02-02 16:17:15.214,-0.8,1.23,-9.48,2,16.0,
2021-02-02 16:17:15.248,-0.71,1.16,-9.38,2,16.0,
2021-02-02 16:17:15.283,-0.72,1.15,-9.42,2,16.0,
2021-02-02 16:17:15.317,-0.8,1.19,-9.47,2,16.0,
2021-02-02 16:17:15.351,-0.76,1.12,-9.46,2,16.0,
2021-02-02 16:17:15.385,-0.7,1.18,-9.5,2,16.0,
2021-02-02 16:17:15.419,-0.72,1.18,-9.44,2,16.0,
2021-02-02 16:17:15.454,-0.76,1.13,-9.47,2,16.0,
2021-02-02 16:17:15.488,-0.79,1.2,-9.45,2,16.0,
2021-02-02 16:17:15.522,-0.71,1.17,-9.44,2,16.0,
2021-02-02 16:17:15.556,-0.75,1.15,-9.51,2,16.0,
2021-02-02 16:17:15.590,-0.74,1.17,-9.46,2,16.0,
2021-02-02 16:17:15.624,-0.76,1.14,-9.48,2,16.0,
2021-02-02 16:17:15.659,-0.74,1.19,-9.42,1,11.487179487179487,
2021-02-02 16:17:15.693,-0.75,1.17,-9.53,1,7.384615384615384,
2021-02-02 16:17:15.727,-0.74,1.14,-9.52,1,9.025641025641027,
2021-02-02 16:17:15.761,-0.81,1.18,-9.48,1,9.025641025641027,
2021-02-02 16:17:15.795,-0.71,1.14,-9.49,1,6.9743589743589745,
2021-02-02 16:17:15.830,-0.71,1.16,-9.55,1,6.9743589743589745,
2021-02-02 16:17:15.864,-0.74,1.15,-9.52,1,11.487179487179487,
2021-02-02 16:17:15.898,-0.76,1.13,-9.45,1,11.487179487179487,
2021-02-02 16:17:15.932,-0.77,1.17,-9.49,1,11.487179487179487,
2021-02-02 16:17:15.966,-0.76,1.18,-9.46,1,11.487179487179487,
2021-02-02 16:17:16.000,-0.77,1.12,-9.41,1,11.487179487179487,
2021-02-02 16:17:16.035,-0.77,1.13,-9.5,1,11.487179487179487,
2021-02-02 16:17:16.069,-0.75,1.17,-9.49,1,11.487179487179487,
2021-02-02 16:17:16.103,-0.73,1.16,-9.46,1,11.487179487179487,
2021-02-02 16:17:16.137,-0.74,1.14,-9.49,1,11.487179487179487,
2021-02-02 16:17:16.171,-0.77,1.19,-9.49,1,11.487179487179487,
2021-02-02 16:17:16.205,-0.75,1.14,-9.5,1,11.487179487179487,
2021-02-02 16:17:16.240,-0.78,1.11,-9.43,1,11.487179487179487,
2021-02-02 16:17:16.274,-0.8,1.21,-9.48,1,11.487179487179487,
2021-02-02 16:17:16.308,-0.75,1.21,-9.44,1,11.487179487179487,
2021-02-02 16:17:16.342,-0.78,1.17,-9.46,1,11.487179487179487,
2021-02-02 16:17:16.376,-0.8,1.18,-9.41,1,11.487179487179487,
2021-02-02 16:17:16.411,-0.74,1.15,-9.47,1,11.487179487179487,
2021-02-02 16:17:16.445,-0.75,1.15,-9.46,1,11.487179487179487,
2021-02-02 16:17:16.479,-0.76,1.16,-9.48,1,7.794871794871796,
2021-02-02 16:17:16.513,-0.77,1.17,-9.48,1,7.794871794871796,
2021-02-02 16:17:16.547,-0.77,1.2,-9.52,1,8.205128205128206,
2021-02-02 16:17:16.581,-0.73,1.18,-9.49,1,11.487179487179487,
2021-02-02 16:17:16.616,-0.76,1.19,-9.55,1,8.205128205128206,
2021-02-02 16:17:16.650,-0.73,1.13,-9.51,1,8.205128205128206,
2021-02-02 16:17:16.684,-0.74,1.15,-9.47,1,8.205128205128206,
2021-02-02 16:17:16.718,-0.77,1.16,-9.43,1,6.974358974358975,
2021-02-02 16:17:17.007,-0.78,1.19,-9.41,1,6.974358974358975,
2021-02-02 16:17:17.171,-0.77,1.16,-9.56,1,8.205128205128206,
2021-02-02 16:17:17.205,-0.74,1.18,-9.52,1,6.974358974358975,
2021-02-02 16:17:17.240,-0.81,1.19,-9.49,1,6.974358974358975,
2021-02-02 16:17:17.274,-0.75,1.14,-9.49,1,8.205128205128206,
2021-02-02 16:17:17.308,-0.77,1.19,-9.39,1,6.974358974358975,
2021-02-02 16:17:17.342,-0.77,1.18,-9.47,1,6.974358974358975,
2021-02-02 16:17:17.376,-0.76,1.13,-9.42,1,6.974358974358975,
2021-02-02 16:17:17.411,-0.78,1.17,-9.43,1,6.974358974358975,
2021-02-02 16:17:17.445,-0.79,1.16,-9.5,1,6.974358974358975,
2021-02-02 16:17:17.479,-0.77,1.18,-9.51,1,6.974358974358975,
2021-02-02 16:17:17.513,-0.7,1.21,-9.37,1,6.974358974358975,
2021-02-02 16:17:17.547,-0.74,1.18,-9.58,1,7.794871794871796,
2021-02-02 16:17:17.581,-0.82,1.15,-9.45,0,3.2820512820512824,
2021-02-02 16:17:17.616,-0.78,1.17,-9.47,0,4.512820512820514,
2021-02-02 16:17:17.650,-0.8,1.17,-9.46,1,10.256410256410257,
2021-02-02 16:17:17.684,-0.71,1.21,-9.41,1,8.205128205128206,
2021-02-02 16:17:17.718,-0.75,1.17,-9.49,1,9.435897435897436,
2021-02-02 16:17:17.752,-0.8,1.17,-9.44,1,8.205128205128206,
2021-02-02 16:17:17.787,-0.8,1.2,-9.54,1,8.205128205128206,
2021-02-02 16:17:17.821,-0.75,1.19,-9.47,2,12.307692307692307,
2021-02-02 16:17:17.855,-0.78,1.15,-9.43,2,12.307692307692307,
2021-02-02 16:17:17.889,-0.75,1.23,-9.5,1,8.205128205128206,
2021-02-02 16:17:17.923,-0.78,1.23,-9.47,2,13.538461538461538,
2021-02-02 16:17:17.957,-0.8,1.14,-9.43,1,9.025641025641027,
2021-02-02 16:17:17.992,-0.72,1.19,-9.5,2,16.0,
2021-02-02 16:17:18.026,-0.78,1.18,-9.49,1,11.487179487179487,
2021-02-02 16:17:18.060,-0.76,1.15,-9.52,1,11.487179487179487,
2021-02-02 16:17:18.094,-0.78,1.21,-9.49,2,16.0,
2021-02-02 16:17:18.128,-0.77,1.18,-9.45,1,11.487179487179487,
2021-02-02 16:17:18.163,-0.8,1.18,-9.45,1,8.205128205128206,
2021-02-02 16:17:18.197,-0.79,1.18,-9.44,1,7.384615384615386,
2021-02-02 16:17:18.231,-0.77,1.21,-9.43,1,10.256410256410257,
2021-02-02 16:17:18.265,-0.76,1.18,-9.43,1,8.205128205128206,
2021-02-02 16:17:18.299,-0.78,1.18,-9.47,1,9.025641025641027,
2021-02-02 16:17:18.333,-0.79,1.19,-9.48,1,9.025641025641027,
2021-02-02 16:17:18.368,-0.79,1.22,-9.47,1,9.025641025641027,
2021-02-02 16:17:18.402,-0.81,1.24,-9.53,1,8.205128205128204,
2021-02-02 16:17:18.436,-0.8,1.2,-9.48,1,10.256410256410257,
2021-02-02 16:17:18.470,-0.7,1.15,-9.48,1,9.025641025641027,
2021-02-02 16:17:18.504,-0.72,1.16,-9.36,1,8.205128205128204,
2021-02-02 16:17:18.538,-0.77,1.2,-9.39,1,10.256410256410257,
2021-02-02 16:17:18.573,-0.84,1.13,-9.47,1,8.205128205128204,
2021-02-02 16:17:18.607,-0.82,1.19,-9.54,1,10.256410256410257,
2021-02-02 16:17:18.641,-0.72,1.17,-9.46,1,8.615384615384615,
2021-02-02 16:17:18.675,-0.79,1.18,-9.46,1,8.615384615384615,
2021-02-02 16:17:18.709,-0.82,1.15,-9.53,1,8.205128205128204,
2021-02-02 16:17:18.744,-0.76,1.17,-9.47,1,8.205128205128204,
2021-02-02 16:17:18.778,-0.75,1.18,-9.52,1,8.205128205128204,
2021-02-02 16:17:18.812,-0.79,1.22,-9.46,1,8.205128205128204,
2021-02-02 16:17:18.846,-0.86,1.17,-9.42,1,8.205128205128204,
2021-02-02 16:17:18.880,-0.77,1.14,-9.45,1,8.205128205128204,
2021-02-02 16:17:18.914,-0.71,1.19,-9.24,1,8.205128205128204,
2021-02-02 16:17:18.949,-1.14,1.39,-8.95,1,8.205128205128204,
2021-02-02 16:17:18.983,-0.63,0.89,-9.63,1,8.205128205128204,
2021-02-02 16:17:19.017,-0.69,1.24,-9.79,1,8.615384615384615,
2021-02-02 16:17:19.051,-0.85,1.42,-9.42,1,11.487179487179487,
2021-02-02 16:17:19.085,-0.88,0.92,-9.32,1,11.897435897435898,
2021-02-02 16:17:19.120,-0.85,1.27,-9.44,1,10.666666666666666,
2021-02-02 16:17:19.154,-0.74,1.26,-9.52,1,11.487179487179487,
2021-02-02 16:17:19.188,-0.63,1.1,-9.54,1,11.487179487179487,
2021-02-02 16:17:19.222,-0.87,1.26,-9.5,2,12.717948717948717,
2021-02-02 16:17:19.256,-0.89,1.16,-9.4,1,10.256410256410255,
2021-02-02 16:17:19.290,-0.74,1.16,-9.49,1,10.256410256410255,
2021-02-02 16:17:19.325,-0.75,1.3,-9.49,1,10.256410256410255,
2021-02-02 16:17:19.359,-0.74,1.13,-9.48,1,11.897435897435898,
2021-02-02 16:17:19.393,-0.88,1.13,-9.47,1,10.256410256410255,
2021-02-02 16:17:19.427,-0.8,1.23,-9.52,1,10.256410256410255,
2021-02-02 16:17:19.461,-0.67,1.17,-9.46,1,10.256410256410255,
2021-02-02 16:17:19.496,-0.71,1.24,-9.48,1,11.897435897435898,
2021-02-02 16:17:19.530,-0.82,1.15,-9.53,1,11.487179487179487,
2021-02-02 16:17:19.564,-0.78,1.16,-9.45,1,11.487179487179487,
2021-02-02 16:17:19.598,-0.74,1.23,-9.49,1,9.846153846153847,
2021-02-02 16:17:19.632,-0.78,1.2,-9.46,1,9.846153846153847,
2021-02-02 16:17:19.666,-0.84,1.14,-9.49,1,9.846153846153847,
2021-02-02 16:17:19.701,-0.8,1.19,-9.54,1,9.846153846153847,
2021-02-02 16:17:19.735,-0.73,1.13,-9.44,2,12.717948717948717,
2021-02-02 16:17:19.769,-0.82,1.19,-9.47,2,12.717948717948717,
2021-02-02 16:17:19.803,-0.82,1.17,-9.52,2,13.12820512820513,
2021-02-02 16:17:19.837,-0.79,1.17,-9.47,1,10.256410256410257,
2021-02-02 16:17:19.871,-0.78,1.23,-9.56,1,9.846153846153847,
2021-02-02 16:17:19.906,-0.73,1.19,-9.28,1,9.025641025641026,
2021-02-02 16:17:19.940,-0.68,1.03,-9.51,2,12.307692307692307,
2021-02-02 16:17:19.974,-0.85,1.22,-9.54,2,12.71794871794872,
2021-02-02 16:17:20.008,-0.75,1.17,-9.48,2,12.307692307692307,
2021-02-02 16:17:20.042,-0.74,1.12,-9.49,2,12.307692307692307,
2021-02-02 16:17:20.077,-0.83,1.25,-9.49,2,12.71794871794872,
2021-02-02 16:17:20.111,-0.73,1.11,-9.47,2,12.71794871794872,
2021-02-02 16:17:20.145,-0.75,1.14,-9.46,2,12.71794871794872,
2021-02-02 16:17:20.179,-0.77,1.25,-9.48,2,12.71794871794872,
2021-02-02 16:17:20.213,-0.76,1.03,-9.47,2,12.71794871794872,
2021-02-02 16:17:20.247,-0.84,1.15,-9.49,2,12.71794871794872,
2021-02-02 16:17:20.282,-0.78,1.19,-9.46,1,9.435897435897436,
2021-02-02 16:17:20.316,-0.71,1.16,-9.44,0,5.333333333333333,
2021-02-02 16:17:20.350,-0.83,1.17,-9.4,1,9.435897435897436,
2021-02-02 16:17:20.384,-0.79,1.15,-9.48,1,9.435897435897436,
2021-02-02 16:17:20.418,-0.77,1.12,-9.54,1,6.9743589743589745,
2021-02-02 16:17:20.453,-0.81,1.21,-9.53,1,6.9743589743589745,
2021-02-02 16:17:20.487,-0.77,1.14,-9.48,1,6.9743589743589745,
2021-02-02 16:17:20.521,-0.8,1.15,-9.44,1,6.9743589743589745,
2021-02-02 16:17:20.555,-0.8,1.22,-9.52,1,6.9743589743589745,
2021-02-02 16:17:20.589,-0.8,1.12,-9.42,1,6.9743589743589745,
2021-02-02 16:17:20.623,-0.76,1.18,-9.46,1,6.153846153846154,
2021-02-02 16:17:20.658,-0.76,1.17,-9.43,1,6.153846153846154,
2021-02-02 16:17:20.692,-0.78,1.18,-9.52,1,8.615384615384615,
2021-02-02 16:17:20.726,-0.8,1.17,-9.41,1,8.615384615384615,
2021-02-02 16:17:21.016,-0.82,1.15,-9.53,1,7.384615384615384,
2021-02-02 16:17:21.181,-0.77,1.15,-9.42,1,7.384615384615384,
2021-02-02 16:17:21.215,-0.8,1.15,-9.47,1,7.384615384615384,
2021-02-02 16:17:21.249,-0.76,1.18,-9.51,1,7.384615384615384,
2021-02-02 16:17:21.284,-0.74,1.2,-9.45,1,7.384615384615384,
2021-02-02 16:17:21.318,-0.77,1.17,-9.47,0,5.333333333333333,
2021-02-02 16:17:21.352,-0.75,1.16,-9.48,1,7.384615384615384,
2021-02-02 16:17:21.386,-0.72,1.16,-9.45,0,5.333333333333333,
2021-02-02 16:17:21.420,-0.79,1.18,-9.49,1,7.384615384615384,
2021-02-02 16:17:21.455,-0.81,1.2,-9.48,1,7.384615384615384,
2021-02-02 16:17:21.489,-0.78,1.17,-9.51,1,6.564102564102565,
2021-02-02 16:17:21.523,-0.8,1.15,-9.45,1,6.564102564102565,
2021-02-02 16:17:21.557,-0.76,1.17,-9.47,1,6.564102564102565,
2021-02-02 16:17:21.591,-0.77,1.16,-9.55,1,7.384615384615384,
2021-02-02 16:17:21.625,-0.78,1.15,-9.46,1,7.384615384615384,
2021-02-02 16:17:21.660,-0.79,1.19,-9.47,0,4.923076923076923,
2021-02-02 16:17:21.694,-0.79,1.17,-9.47,0,4.923076923076923,
2021-02-02 16:17:21.728,-0.82,1.18,-9.51,0,4.923076923076923,
2021-02-02 16:17:21.762,-0.8,1.2,-9.48,0,4.923076923076923,
2021-02-02 16:17:21.796,-0.76,1.15,-9.42,0,4.923076923076923,
2021-02-02 16:17:21.961,-0.78,1.15,-9.53,0,4.923076923076923,
2021-02-02 16:17:21.996,-0.79,1.16,-9.51,0,4.923076923076923,
2021-02-02 16:17:22.030,-0.76,1.18,-9.47,0,5.333333333333333,
2021-02-02 16:17:22.064,-0.8,1.17,-9.5,0,5.333333333333333,
2021-02-02 16:17:22.098,-0.73,1.19,-9.52,0,5.333333333333333,
2021-02-02 16:17:22.132,-0.78,1.16,-9.51,0,5.333333333333333,
2021-02-02 16:17:22.166,-0.77,1.19,-9.47,0,5.333333333333333,
2021-02-02 16:17:22.201,-0.77,1.17,-9.47,1,6.564102564102565,
2021-02-02 16:17:22.235,-0.78,1.17,-9.53,0,5.7435897435897445,
2021-02-02 16:17:22.269,-0.82,1.14,-9.5,0,5.7435897435897445,
2021-02-02 16:17:22.303,-0.78,1.14,-9.47,0,5.7435897435897445,
2021-02-02 16:17:22.337,-0.73,1.19,-9.53,1,6.9743589743589745,
2021-02-02 16:17:22.371,-0.8,1.15,-9.5,1,6.153846153846153,
2021-02-02 16:17:22.406,-0.8,1.21,-9.45,1,6.153846153846153,
2021-02-02 16:17:22.440,-0.78,1.11,-9.44,1,6.153846153846153,
2021-02-02 16:17:22.474,-0.8,1.17,-9.54,1,6.153846153846153,
2021-02-02 16:17:22.508,-0.82,1.17,-9.54,1,6.153846153846153,
2021-02-02 16:17:22.542,-0.83,1.16,-9.47,1,6.153846153846153,
2021-02-02 16:17:22.577,-0.82,1.2,-9.52,1,6.153846153846153,
2021-02-02 16:17:22.611,-0.74,1.14,-9.52,1,6.153846153846153,
2021-02-02 16:17:22.645,-0.75,1.15,-9.49,1,6.153846153846153,
2021-02-02 16:17:22.679,-0.79,1.2,-9.53,1,8.205128205128204,
2021-02-02 16:17:22.713,-0.79,1.2,-9.54,1,8.205128205128204,
2021-02-02 16:17:22.747,-0.8,1.18,-9.48,1,6.9743589743589745,
2021-02-02 16:17:22.782,-0.79,1.16,-9.52,1,8.205128205128204,
2021-02-02 16:17:22.816,-0.82,1.17,-9.52,1,8.205128205128204,
2021-02-02 16:17:22.850,-0.79,1.16,-9.43,1,8.205128205128204,
2021-02-02 16:17:22.884,-0.77,1.17,-9.52,1,6.153846153846153,
2021-02-02 16:17:22.918,-0.79,1.2,-9.49,1,6.153846153846153,
2021-02-02 16:17:22.953,-0.8,1.17,-9.51,0,5.7435897435897445,
2021-02-02 16:17:22.987,-0.79,1.16,-9.47,0,3.2820512820512824,
2021-02-02 16:17:23.021,-0.76,1.18,-9.46,0,3.2820512820512824,
2021-02-02 16:17:23.055,-0.75,1.14,-9.47,0,3.2820512820512824,
2021-02-02 16:17:23.089,-0.75,1.16,-9.53,0,3.2820512820512824,
2021-02-02 16:17:23.123,-0.78,1.14,-9.42,0,3.2820512820512824,
2021-02-02 16:17:23.158,-0.77,1.17,-9.46,0,3.2820512820512824,
2021-02-02 16:17:23.192,-0.77,1.19,-9.49,0,5.7435897435897445,
2021-02-02 16:17:23.226,-0.8,1.17,-9.45,0,4.923076923076923,
2021-02-02 16:17:23.260,-0.76,1.16,-9.43,1,9.435897435897436,
2021-02-02 16:17:23.294,-0.79,1.21,-9.51,1,9.435897435897436,
2021-02-02 16:17:23.329,-0.78,1.19,-9.47,1,9.435897435897436,
2021-02-02 16:17:23.363,-0.74,1.17,-9.48,1,9.435897435897436,
2021-02-02 16:17:23.397,-0.78,1.15,-9.43,1,6.153846153846154,
2021-02-02 16:17:23.431,-0.82,1.16,-9.47,1,8.615384615384615,
2021-02-02 16:17:23.465,-0.79,1.14,-9.48,1,6.153846153846154,
2021-02-02 16:17:23.499,-0.78,1.2,-9.53,1,6.153846153846154,
2021-02-02 16:17:23.534,-0.79,1.18,-9.52,1,6.153846153846154,
2021-02-02 16:17:23.568,-0.74,1.18,-9.49,1,6.153846153846154,
2021-02-02 16:17:23.602,-0.8,1.15,-9.44,1,6.153846153846154,
2021-02-02 16:17:23.636,-0.79,1.19,-9.45,1,6.153846153846154,
2021-02-02 16:17:23.670,-0.78,1.16,-9.47,0,2.4615384615384617,
2021-02-02 16:17:23.705,-0.78,1.15,-9.49,0,2.4615384615384617,
2021-02-02 16:17:23.739,-0.8,1.19,-9.54,0,2.4615384615384617,
2021-02-02 16:17:23.773,-0.8,1.2,-9.48,0,2.4615384615384617,
2021-02-02 16:17:23.807,-0.75,1.17,-9.53,0,2.4615384615384617,
2021-02-02 16:17:23.841,-0.75,1.15,-9.45,1,6.153846153846154,
2021-02-02 16:17:23.875,-0.82,1.17,-9.42,1,6.153846153846154,
2021-02-02 16:17:23.910,-0.78,1.14,-9.5,1,6.153846153846154,
2021-02-02 16:17:23.944,-0.8,1.19,-9.45,0,5.333333333333333,
2021-02-02 16:17:23.978,-0.81,1.2,-9.46,1,6.564102564102565,
2021-02-02 16:17:24.012,-0.79,1.15,-9.47,0,5.333333333333333,
2021-02-02 16:17:24.046,-0.78,1.18,-9.49,0,5.333333333333333,
2021-02-02 16:17:24.080,-0.78,1.15,-9.5,1,6.564102564102565,
2021-02-02 16:17:24.115,-0.82,1.21,-9.37,0,3.692307692307692,
2021-02-02 16:17:24.149,-0.78,1.16,-9.5,0,2.4615384615384617,
2021-02-02 16:17:24.183,-0.8,1.22,-9.45,1,6.564102564102565,
2021-02-02 16:17:24.217,-0.78,1.15,-9.49,0,4.512820512820514,
2021-02-02 16:17:24.251,-0.77,1.14,-9.49,0,4.512820512820514,
2021-02-02 16:17:24.286,-0.83,1.14,-9.47,0,5.7435897435897445,
2021-02-02 16:17:24.320,-0.8,1.21,-9.49,0,5.7435897435897445,
2021-02-02 16:17:24.354,-0.79,1.18,-9.52,0,5.7435897435897445,
2021-02-02 16:17:24.388,-0.79,1.2,-9.5,0,5.7435897435897445,
2021-02-02 16:17:24.422,-0.82,1.16,-9.43,0,5.7435897435897445,
2021-02-02 16:17:24.456,-0.82,1.17,-9.51,0,5.7435897435897445,
2021-02-02 16:17:24.491,-0.8,1.2,-9.48,0,5.7435897435897445,
2021-02-02 16:17:24.525,-0.83,1.19,-9.52,0,4.102564102564103,
2021-02-02 16:17:24.559,-0.8,1.19,-9.52,0,4.923076923076923,
2021-02-02 16:17:24.593,-0.76,1.15,-9.46,1,6.564102564102565,
2021-02-02 16:17:24.627,-0.77,1.17,-9.46,1,6.564102564102565,
2021-02-02 16:17:24.662,-0.76,1.17,-9.43,1,6.564102564102565,
2021-02-02 16:17:24.696,-0.82,1.14,-9.44,1,7.384615384615384,
2021-02-02 16:17:24.730,-0.78,1.18,-9.5,1,6.564102564102565,
2021-02-02 16:17:24.764,-0.76,1.18,-9.46,1,6.564102564102565,
2021-02-02 16:17:24.798,-0.76,1.21,-9.41,1,6.564102564102565,
2021-02-02 16:17:24.832,-0.82,1.22,-9.52,1,6.564102564102565,
2021-02-02 16:17:24.867,-0.77,1.14,-9.49,0,4.923076923076923,
2021-02-02 16:17:25.157,-0.85,1.2,-9.52,0,4.923076923076923,
2021-02-02 16:17:25.450,-0.8,1.16,-9.39,1,11.487179487179487,
2021-02-02 16:17:25.484,-0.77,1.19,-9.48,1,11.487179487179487,
2021-02-02 16:17:25.518,-0.77,1.14,-9.5,1,11.487179487179487,
2021-02-02 16:17:25.552,-0.8,1.15,-9.44,1,10.666666666666666,
2021-02-02 16:17:25.586,-0.77,1.19,-9.48,1,10.666666666666666,
2021-02-02 16:17:25.621,-0.82,1.17,-9.52,1,10.666666666666666,
2021-02-02 16:17:25.655,-0.78,1.18,-9.46,1,11.487179487179487,
2021-02-02 16:17:25.689,-0.8,1.15,-9.58,1,11.487179487179487,
2021-02-02 16:17:25.723,-0.76,1.15,-9.47,1,11.487179487179487,
2021-02-02 16:17:25.757,-0.79,1.22,-9.49,1,11.487179487179487,
2021-02-02 16:17:25.791,-0.84,1.13,-9.48,1,11.487179487179487,
2021-02-02 16:17:25.826,-0.78,1.14,-9.53,1,11.487179487179487,
2021-02-02 16:17:25.860,-0.8,1.16,-9.47,1,8.615384615384615,
2021-02-02 16:17:25.894,-0.77,1.17,-9.49,0,4.102564102564103,
2021-02-02 16:17:25.928,-0.83,1.17,-9.55,0,2.4615384615384617,
2021-02-02 16:17:25.962,-0.76,1.15,-9.43,0,2.4615384615384617,
2021-02-02 16:17:25.996,-0.75,1.14,-9.47,0,2.4615384615384617,
2021-02-02 16:17:26.031,-0.79,1.21,-9.44,0,2.4615384615384617,
2021-02-02 16:17:26.065,-0.8,1.15,-9.48,0,2.4615384615384617,
2021-02-02 16:17:26.099,-0.81,1.2,-9.46,0,2.4615384615384617,
2021-02-02 16:17:26.133,-0.78,1.19,-9.47,0,2.4615384615384617,
2021-02-02 16:17:26.167,-0.77,1.18,-9.47,0,2.4615384615384617,
2021-02-02 16:17:26.202,-0.78,1.2,-9.44,0,2.4615384615384617,
2021-02-02 16:17:26.236,-0.82,1.17,-9.46,0,2.4615384615384617,
2021-02-02 16:17:26.270,-0.75,1.17,-9.5,0,2.4615384615384617,
2021-02-02 16:17:26.304,-0.74,1.18,-9.44,0,2.4615384615384617,
2021-02-02 16:17:26.338,-0.81,1.17,-9.47,0,2.4615384615384617,
2021-02-02 16:17:26.372,-0.75,1.19,-9.42,0,2.4615384615384617,
2021-02-02 16:17:26.407,-0.81,1.18,-9.49,0,2.4615384615384617,
2021-02-02 16:17:26.441,-0.76,1.19,-9.47,0,2.4615384615384617,
2021-02-02 16:17:26.475,-0.78,1.17,-9.47,0,2.4615384615384617,
2021-02-02 16:17:26.509,-0.78,1.16,-9.5,0,2.4615384615384617,
2021-02-02 16:17:26.543,-0.8,1.19,-9.57,0,2.4615384615384617,
2021-02-02 16:17:26.578,-0.77,1.18,-9.51,0,2.4615384615384617,
2021-02-02 16:17:26.612,-0.78,1.14,-9.47,0,2.4615384615384617,
2021-02-02 16:17:26.646,-0.8,1.14,-9.54,1,6.974358974358974,
2021-02-02 16:17:26.680,-0.8,1.15,-9.47,0,4.102564102564103,
2021-02-02 16:17:26.714,-0.79,1.17,-9.43,1,7.384615384615384,
2021-02-02 16:17:26.748,-0.8,1.19,-9.52,1,6.564102564102565,
2021-02-02 16:17:26.783,-0.8,1.15,-9.55,1,6.9743589743589745,
2021-02-02 16:17:26.817,-0.8,1.16,-9.5,1,6.9743589743589745,
2021-02-02 16:17:26.851,-0.76,1.18,-9.44,1,7.384615384615384,
2021-02-02 16:17:26.885,-0.73,1.15,-9.56,1,8.615384615384615,
2021-02-02 16:17:26.919,-0.79,1.14,-9.44,1,8.615384615384615,
2021-02-02 16:17:26.954,-0.76,1.15,-9.49,1,8.615384615384615,
2021-02-02 16:17:26.988,-0.76,1.18,-9.5,1,8.615384615384615,
2021-02-02 16:17:27.022,-0.76,1.14,-9.44,1,8.205128205128204,
2021-02-02 16:17:27.056,-0.8,1.12,-9.5,1,7.794871794871795,
2021-02-02 16:17:27.090,-0.8,1.17,-9.53,1,7.794871794871795,
2021-02-02 16:17:27.124,-0.8,1.16,-9.47,1,7.794871794871795,
2021-02-02 16:17:27.159,-0.78,1.18,-9.5,1,8.205128205128204,
2021-02-02 16:17:27.193,-0.79,1.15,-9.53,1,8.205128205128204,
2021-02-02 16:17:27.227,-0.8,1.16,-9.5,1,8.205128205128204,
2021-02-02 16:17:27.261,-0.78,1.17,-9.47,1,8.205128205128204,
2021-02-02 16:17:27.295,-0.75,1.15,-9.46,1,8.205128205128204,
2021-02-02 16:17:27.330,-0.75,1.11,-9.51,1,8.205128205128204,
2021-02-02 16:17:27.364,-0.79,1.14,-9.43,1,8.205128205128204,
2021-02-02 16:17:27.398,-0.74,1.15,-9.48,1,8.205128205128204,
2021-02-02 16:17:27.432,-0.75,1.17,-9.41,1,8.615384615384615,
2021-02-02 16:17:27.466,-0.72,1.23,-8.44,1,8.205128205128204,
2021-02-02 16:17:27.500,-1.49,1.1,-8.64,1,8.615384615384615,
2021-02-02 16:17:27.535,-0.92,0.85,-9.67,1,10.666666666666666,
2021-02-02 16:17:27.569,-0.58,1.13,-9.68,1,8.615384615384615,
2021-02-02 16:17:27.603,-0.81,1.54,-9.3,1,9.846153846153847,
2021-02-02 16:17:27.637,-0.71,0.92,-9.26,1,9.846153846153847,
2021-02-02 16:17:27.671,-0.88,1.18,-9.57,1,8.205128205128206,
2021-02-02 16:17:27.705,-0.89,1.36,-9.57,1,11.487179487179489,
2021-02-02 16:17:27.740,-0.54,1.0,-9.51,1,7.384615384615386,
2021-02-02 16:17:27.774,-0.75,1.28,-9.41,1,7.794871794871796,
2021-02-02 16:17:27.808,-0.83,1.19,-9.45,1,8.205128205128206,
2021-02-02 16:17:27.842,-0.8,1.07,-9.54,1,7.794871794871796,
2021-02-02 16:17:27.876,-0.83,1.31,-9.47,1,7.794871794871796,
2021-02-02 16:17:27.911,-0.71,1.15,-9.6,0,4.512820512820514,
2021-02-02 16:17:27.945,-0.73,1.14,-9.41,0,4.512820512820514,
2021-02-02 16:17:27.979,-0.86,1.16,-9.47,0,4.512820512820514,
2021-02-02 16:17:28.013,-0.86,1.14,-9.47,0,4.512820512820514,
2021-02-02 16:17:28.047,-0.78,1.22,-9.53,0,4.512820512820514,
2021-02-02 16:17:28.081,-0.74,1.2,-9.43,1,9.435897435897436,
2021-02-02 16:17:28.116,-0.79,1.15,-9.47,1,8.615384615384615,
2021-02-02 16:17:28.150,-0.81,1.16,-9.53,0,3.2820512820512824,
2021-02-02 16:17:28.184,-0.79,1.14,-9.49,0,3.2820512820512824,
2021-02-02 16:17:28.218,-0.74,1.19,-9.5,0,3.2820512820512824,
2021-02-02 16:17:28.252,-0.79,1.18,-9.47,0,3.2820512820512824,
2021-02-02 16:17:28.287,-0.79,1.15,-9.49,0,3.2820512820512824,
2021-02-02 16:17:28.321,-0.8,1.15,-9.47,0,3.2820512820512824,
2021-02-02 16:17:28.355,-0.76,1.18,-9.49,0,3.2820512820512824,
2021-02-02 16:17:28.389,-0.8,1.21,-9.48,0,3.2820512820512824,
2021-02-02 16:17:28.423,-0.77,1.22,-9.43,1,7.794871794871796,
2021-02-02 16:17:28.457,-0.82,1.17,-9.48,1,6.564102564102565,
2021-02-02 16:17:28.492,-0.78,1.16,-9.48,1,6.564102564102565,
2021-02-02 16:17:28.526,-0.8,1.16,-9.47,1,6.153846153846153,
2021-02-02 16:17:28.560,-0.73,1.15,-9.45,1,6.153846153846153,
2021-02-02 16:17:28.594,-0.78,1.11,-9.42,1,6.153846153846153,
2021-02-02 16:17:28.628,-0.77,1.15,-9.46,1,6.974358974358975,
2021-02-02 16:17:28.663,-0.78,1.13,-9.46,1,6.974358974358975,
2021-02-02 16:17:28.697,-0.8,1.18,-9.49,1,6.974358974358975,
2021-02-02 16:17:28.731,-0.78,1.14,-9.54,1,6.974358974358975,
2021-02-02 16:17:28.765,-0.84,1.16,-9.52,1,6.974358974358975,
2021-02-02 16:17:28.799,-0.82,1.14,-9.51,1,6.974358974358975,
2021-02-02 16:17:28.833,-0.67,1.2,-9.29,1,6.974358974358975,
2021-02-02 16:17:28.868,-0.68,1.09,-9.23,1,6.974358974358975,
2021-02-02 16:17:28.902,-0.77,1.25,-9.54,1,6.974358974358975,
2021-02-02 16:17:29.064,-0.75,1.07,-9.49,1,6.974358974358975,
2021-02-02 16:17:29.098,-0.92,1.18,-9.41,1,6.974358974358975,
2021-02-02 16:17:29.132,-0.74,1.18,-9.51,1,6.974358974358975,
2021-02-02 16:17:29.421,-0.83,1.14,-9.52,0,4.102564102564103,
2021-02-02 16:17:29.586,-0.78,1.17,-9.52,0,4.102564102564103,
2021-02-02 16:17:29.621,-0.74,1.13,-9.56,1,7.384615384615384,
2021-02-02 16:17:29.655,-0.77,1.17,-9.48,1,7.384615384615384,
2021-02-02 16:17:29.689,-0.7,1.23,-9.54,1,7.384615384615384,
2021-02-02 16:17:29.723,-0.73,1.11,-9.46,1,7.384615384615384,
2021-02-02 16:17:29.757,-0.84,1.2,-9.52,1,11.897435897435898,
2021-02-02 16:17:29.791,-0.86,1.09,-9.49,1,11.897435897435898,
2021-02-02 16:17:29.826,-0.8,1.18,-9.51,1,11.897435897435898,
2021-02-02 16:17:29.860,-0.75,1.25,-9.48,1,11.897435897435898,
2021-02-02 16:17:29.894,-0.7,1.15,-9.46,1,6.9743589743589745,
2021-02-02 16:17:29.928,-0.78,1.22,-9.51,1,7.384615384615384,
2021-02-02 16:17:29.962,-0.82,1.14,-9.5,1,7.384615384615384,
2021-02-02 16:17:29.996,-0.8,1.12,-9.48,1,11.897435897435898,
2021-02-02 16:17:30.031,-0.72,1.21,-9.48,1,10.256410256410257,
2021-02-02 16:17:30.065,-0.7,1.17,-9.47,1,10.256410256410257,
2021-02-02 16:17:30.099,-0.82,1.17,-9.48,1,9.846153846153847,
2021-02-02 16:17:30.133,-0.81,1.18,-9.52,1,9.846153846153847,
2021-02-02 16:17:30.167,-0.81,1.17,-9.41,1,9.846153846153847,
2021-02-02 16:17:30.202,-0.75,1.15,-9.47,1,9.435897435897436,
2021-02-02 16:17:30.236,-0.78,1.15,-9.47,1,9.435897435897436,
2021-02-02 16:17:30.270,-0.78,1.19,-9.46,1,6.153846153846154,
2021-02-02 16:17:30.304,-0.77,1.17,-9.47,1,6.564102564102565,
2021-02-02 16:17:30.338,-0.74,1.13,-9.59,1,6.564102564102565,
2021-02-02 16:17:30.372,-0.89,1.22,-9.4,1,6.564102564102565,
2021-02-02 16:17:30.407,-0.87,1.11,-9.48,1,6.564102564102565,
2021-02-02 16:17:30.441,-0.73,1.08,-9.5,1,6.564102564102565,
2021-02-02 16:17:30.475,-0.75,1.26,-9.46,1,7.794871794871796,
2021-02-02 16:17:30.509,-0.72,1.15,-9.5,1,11.076923076923075,
2021-02-02 16:17:30.543,-0.89,1.16,-9.43,1,6.564102564102565,
2021-02-02 16:17:30.578,-0.84,1.18,-9.46,1,9.435897435897436,
2021-02-02 16:17:30.612,-0.78,1.16,-9.47,1,9.435897435897436,
2021-02-02 16:17:30.646,-0.73,1.24,-9.44,1,9.435897435897436,
2021-02-02 16:17:30.680,-0.84,1.14,-9.56,1,8.615384615384615,
2021-02-02 16:17:30.714,-0.85,1.14,-9.53,1,9.435897435897436,
2021-02-02 16:17:30.748,-0.84,1.19,-9.45,1,8.615384615384615,
2021-02-02 16:17:30.783,-0.76,1.15,-9.53,1,8.615384615384615,
2021-02-02 16:17:30.817,-0.74,1.18,-9.53,1,9.435897435897436,
2021-02-02 16:17:30.851,-0.84,1.2,-9.42,1,8.615384615384615,
2021-02-02 16:17:30.885,-0.8,1.15,-9.49,1,9.025641025641026,
2021-02-02 16:17:30.919,-0.79,1.2,-9.5,1,9.025641025641026,
2021-02-02 16:17:30.954,-0.73,1.15,-9.46,1,9.025641025641026,
2021-02-02 16:17:30.988,-0.71,1.16,-9.53,1,9.025641025641026,
2021-02-02 16:17:31.022,-0.76,1.17,-9.51,1,9.025641025641026,
2021-02-02 16:17:31.056,-0.85,1.12,-9.47,1,9.025641025641026,
2021-02-02 16:17:31.090,-0.79,1.11,-9.45,1,10.666666666666666,
2021-02-02 16:17:31.124,-0.76,1.2,-9.48,1,10.666666666666666,
2021-02-02 16:17:31.159,-0.67,1.16,-9.46,1,10.666666666666666,
2021-02-02 16:17:31.193,-0.79,1.15,-9.52,1,9.846153846153847,
2021-02-02 16:17:31.227,-0.87,1.15,-9.49,1,9.846153846153847,
2021-02-02 16:17:31.261,-0.8,1.12,-9.47,1,9.025641025641027,
2021-02-02 16:17:31.295,-0.77,1.15,-9.74,1,9.846153846153847,
2021-02-02 16:17:31.330,-0.78,1.29,-9.31,1,8.615384615384615,
2021-02-02 16:17:31.364,-0.69,1.04,-9.4,1,9.846153846153847,
2021-02-02 16:17:31.398,-0.83,1.14,-9.57,1,7.384615384615384,
2021-02-02 16:17:31.432,-0.79,1.23,-9.55,1,7.384615384615384,
2021-02-02 16:17:31.466,-0.72,1.09,-9.43,1,7.384615384615384,
2021-02-02 16:17:31.500,-0.76,1.26,-9.42,1,9.846153846153847,
2021-02-02 16:17:31.535,-0.8,1.15,-9.47,1,9.846153846153847,
2021-02-02 16:17:31.569,-0.81,1.14,-9.46,1,9.846153846153847,
2021-02-02 16:17:31.603,-0.85,1.22,-9.5,1,9.846153846153847,
2021-02-02 16:17:31.637,-0.81,1.1,-9.53,1,9.846153846153847,
2021-02-02 16:17:31.671,-0.83,1.16,-9.47,1,9.846153846153847,
2021-02-02 16:17:31.705,-0.8,1.24,-9.46,1,9.846153846153847,
2021-02-02 16:17:31.740,-0.72,1.14,-9.59,1,6.9743589743589745,
2021-02-02 16:17:31.774,-0.79,1.14,-9.65,1,7.384615384615384,
2021-02-02 16:17:31.808,-0.76,1.23,-9.38,0,5.7435897435897445,
2021-02-02 16:17:31.842,-0.7,1.01,-9.5,0,5.333333333333333,
2021-02-02 16:17:31.876,-0.84,1.13,-9.5,0,5.333333333333333,
2021-02-02 16:17:31.911,-0.86,1.22,-9.37,1,6.9743589743589745,
2021-02-02 16:17:31.945,-0.78,1.05,-9.39,1,6.564102564102565,
2021-02-02 16:17:31.979,-0.8,1.25,-9.44,1,7.384615384615384,
2021-02-02 16:17:32.013,-0.82,1.18,-9.52,1,7.384615384615384,
2021-02-02 16:17:32.047,-0.79,1.11,-9.57,1,7.384615384615384,
2021-02-02 16:17:32.081,-0.8,1.2,-9.42,1,11.076923076923078,
2021-02-02 16:17:32.116,-0.78,1.14,-9.45,1,11.076923076923078,
2021-02-02 16:17:32.150,-0.8,1.11,-9.47,0,4.923076923076923,
2021-02-02 16:17:32.184,-0.8,1.2,-9.47,1,7.384615384615386,
2021-02-02 16:17:32.218,-0.76,1.16,-9.5,0,4.923076923076923,
2021-02-02 16:17:32.252,-0.77,1.13,-9.47,0,4.923076923076923,
2021-02-02 16:17:32.287,-0.81,1.16,-9.49,0,4.923076923076923,
2021-02-02 16:17:32.321,-0.77,1.14,-9.53,0,4.923076923076923,
2021-02-02 16:17:32.355,-0.8,1.2,-9.52,0,4.923076923076923,
2021-02-02 16:17:32.389,-0.75,1.2,-9.47,0,4.923076923076923,
2021-02-02 16:17:32.423,-0.75,1.14,-9.48,0,4.923076923076923,
2021-02-02 16:17:32.457,-0.78,1.15,-9.47,0,4.923076923076923,
2021-02-02 16:17:32.492,-0.79,1.14,-9.52,0,4.923076923076923,
2021-02-02 16:17:32.526,-0.73,1.17,-9.52,0,4.923076923076923,
2021-02-02 16:17:32.560,-0.79,1.17,-9.5,0,4.923076923076923,
2021-02-02 16:17:32.594,-0.76,1.13,-9.46,0,4.102564102564103,
2021-02-02 16:17:32.628,-0.84,1.15,-9.47,0,4.923076923076923,
2021-02-02 16:17:32.663,-0.8,1.16,-9.46,1,10.666666666666666,
2021-02-02 16:17:32.697,-0.79,1.08,-9.51,1,7.384615384615386,
2021-02-02 16:17:32.731,-0.82,1.13,-9.5,1,7.384615384615386,
2021-02-02 16:17:32.765,-0.79,1.14,-9.54,1,6.564102564102565,
2021-02-02 16:17:32.799,-0.79,1.13,-9.52,1,7.794871794871796,
2021-02-02 16:17:32.833,-0.8,1.14,-9.56,1,7.794871794871796,
2021-02-02 16:17:32.868,-0.78,1.16,-9.48,1,7.794871794871796,
2021-02-02 16:17:32.902,-0.79,1.13,-9.46,1,7.794871794871796,
2021-02-02 16:17:32.936,-0.85,1.17,-9.5,1,7.794871794871796,
2021-02-02 16:17:32.970,-0.74,1.16,-9.5,1,6.974358974358975,
2021-02-02 16:17:33.004,-0.76,1.15,-9.52,1,6.974358974358975,
2021-02-02 16:17:33.038,-0.77,1.16,-9.5,1,6.974358974358975,
2021-02-02 16:17:33.073,-0.8,1.15,-9.49,1,7.384615384615384,
2021-02-02 16:17:33.107,-0.77,1.15,-9.48,1,7.384615384615384,
2021-02-02 16:17:33.141,-0.76,1.15,-9.46,0,3.2820512820512824,
2021-02-02 16:17:33.430,-0.79,1.14,-9.48,1,6.153846153846154,
2021-02-02 16:17:33.595,-0.82,1.17,-9.47,1,6.153846153846154,
2021-02-02 16:17:33.629,-0.83,1.15,-9.57,0,3.2820512820512824,
2021-02-02 16:17:33.663,-0.77,1.19,-9.47,1,6.564102564102565,
2021-02-02 16:17:33.698,-0.74,1.17,-9.52,1,6.564102564102565,
2021-02-02 16:17:33.732,-0.77,1.17,-9.47,1,6.564102564102565,
2021-02-02 16:17:33.766,-0.79,1.12,-9.49,1,6.564102564102565,
2021-02-02 16:17:33.800,-0.78,1.13,-9.47,1,6.564102564102565,
2021-02-02 16:17:33.834,-0.82,1.18,-9.49,1,6.564102564102565,
2021-02-02 16:17:33.869,-0.81,1.17,-9.56,0,3.2820512820512824,
2021-02-02 16:17:33.903,-0.78,1.17,-9.42,0,3.692307692307692,
2021-02-02 16:17:33.937,-0.8,1.15,-9.51,1,6.564102564102565,
2021-02-02 16:17:33.971,-0.78,1.14,-9.46,1,6.564102564102565,
2021-02-02 16:17:34.005,-0.79,1.16,-9.5,0,3.2820512820512824,
2021-02-02 16:17:34.039,-0.85,1.19,-9.46,0,3.2820512820512824,
2021-02-02 16:17:34.074,-0.8,1.2,-9.49,0,3.2820512820512824,
2021-02-02 16:17:34.108,-0.8,1.14,-9.52,1,6.564102564102565,
2021-02-02 16:17:34.142,-0.8,1.11,-9.42,0,2.4615384615384617,
2021-02-02 16:17:34.176,-0.8,1.1,-9.44,1,6.564102564102565,
2021-02-02 16:17:34.210,-0.78,1.16,-9.44,1,6.564102564102565,
2021-02-02 16:17:34.245,-0.79,1.2,-9.55,1,8.205128205128206,
2021-02-02 16:17:34.279,-0.8,1.15,-9.52,1,8.205128205128206,
2021-02-02 16:17:34.313,-0.77,1.16,-9.54,1,7.794871794871796,
2021-02-02 16:17:34.347,-0.8,1.16,-9.47,1,8.615384615384615,
2021-02-02 16:17:34.381,-0.85,1.15,-9.46,0,5.7435897435897445,
2021-02-02 16:17:34.415,-0.8,1.14,-9.47,1,9.025641025641026,
2021-02-02 16:17:34.450,-0.79,1.16,-9.47,0,5.7435897435897445,
2021-02-02 16:17:34.484,-0.79,1.12,-9.51,1,6.153846153846154,
2021-02-02 16:17:34.518,-0.76,1.18,-9.42,1,6.153846153846154,
2021-02-02 16:17:34.552,-0.78,1.13,-9.48,1,8.615384615384615,
2021-02-02 16:17:34.586,-0.77,1.16,-9.46,1,9.435897435897436,
2021-02-02 16:17:34.621,-0.76,1.14,-9.49,1,9.025641025641026,
2021-02-02 16:17:34.655,-0.82,1.15,-9.46,1,9.435897435897436,
2021-02-02 16:17:34.689,-0.81,1.13,-9.52,1,9.435897435897436,
2021-02-02 16:17:34.723,-0.77,1.16,-9.51,1,9.435897435897436,
2021-02-02 16:17:34.757,-0.77,1.16,-9.47,1,9.435897435897436,
2021-02-02 16:17:34.791,-0.79,1.14,-9.54,1,9.435897435897436,
2021-02-02 16:17:34.826,-0.84,1.17,-9.5,1,9.435897435897436,
2021-02-02 16:17:34.860,-0.76,1.14,-9.45,1,9.435897435897436,
2021-02-02 16:17:34.894,-0.75,1.17,-9.52,1,9.025641025641026,
2021-02-02 16:17:34.928,-0.8,1.14,-9.47,1,9.025641025641026,
2021-02-02 16:17:34.962,-0.77,1.13,-9.47,1,9.025641025641026,
2021-02-02 16:17:34.996,-0.77,1.15,-9.47,1,9.025641025641026,
2021-02-02 16:17:35.031,-0.73,1.18,-9.42,1,9.025641025641026,
2021-02-02 16:17:35.065,-0.79,1.16,-9.54,1,9.025641025641026,
2021-02-02 16:17:35.099,-0.78,1.19,-9.5,1,9.025641025641026,
2021-02-02 16:17:35.133,-0.79,1.17,-9.51,1,9.025641025641026,
2021-02-02 16:17:35.167,-0.74,1.05,-9.18,1,9.025641025641026,
2021-02-02 16:17:35.202,-0.71,1.27,-9.85,1,7.794871794871795,
2021-02-02 16:17:35.236,-1.01,1.09,-9.68,1,9.435897435897436,
2021-02-02 16:17:35.270,-0.74,1.03,-9.2,1,6.9743589743589745,
2021-02-02 16:17:35.304,-0.76,1.34,-9.26,1,8.205128205128204,
2021-02-02 16:17:35.338,-0.78,1.15,-9.58,1,8.205128205128204,
2021-02-02 16:17:35.372,-0.86,1.05,-9.47,1,8.205128205128204,
2021-02-02 16:17:35.407,-0.86,1.27,-9.53,1,8.615384615384615,
2021-02-02 16:17:35.441,-0.68,1.1,-9.57,1,8.205128205128204,
2021-02-02 16:17:35.475,-0.73,1.22,-9.54,1,8.615384615384615,
2021-02-02 16:17:35.509,-0.8,1.23,-9.39,1,8.615384615384615,
2021-02-02 16:17:35.543,-0.85,1.05,-9.48,1,8.615384615384615,
2021-02-02 16:17:35.578,-0.79,1.19,-9.51,0,5.333333333333333,
2021-02-02 16:17:35.612,-0.67,1.21,-9.47,0,5.333333333333333,
2021-02-02 16:17:35.646,-0.77,1.12,-9.42,0,5.333333333333333,
2021-02-02 16:17:35.680,-0.86,1.19,-9.54,0,5.333333333333333,
2021-02-02 16:17:35.714,-0.87,1.16,-9.53,0,5.333333333333333,
2021-02-02 16:17:35.748,-0.73,1.13,-9.56,0,5.333333333333333,
2021-02-02 16:17:35.783,-0.73,1.25,-9.39,0,5.333333333333333,
2021-02-02 16:17:35.817,-0.73,1.15,-9.51,0,5.333333333333333,
2021-02-02 16:17:35.851,-0.81,1.1,-9.52,0,4.923076923076923,
2021-02-02 16:17:35.885,-0.83,1.22,-9.58,0,4.923076923076923,
2021-02-02 16:17:35.919,-0.77,1.14,-9.5,0,4.923076923076923,
2021-02-02 16:17:35.954,-0.75,1.1,-9.38,0,4.923076923076923,
2021-02-02 16:17:35.988,-0.8,1.24,-9.44,0,4.923076923076923,
2021-02-02 16:17:36.022,-0.81,1.1,-9.58,0,4.923076923076923,
2021-02-02 16:17:36.056,-0.78,1.12,-9.5,0,2.4615384615384617,
2021-02-02 16:17:36.090,-0.78,1.17,-9.44,0,2.4615384615384617,
2021-02-02 16:17:36.124,-0.73,1.14,-9.35,0,2.4615384615384617,
2021-02-02 16:17:36.159,-0.83,1.15,-9.49,0,2.4615384615384617,
2021-02-02 16:17:36.193,-0.82,1.17,-9.51,0,2.4615384615384617,
2021-02-02 16:17:36.227,-0.76,1.13,-9.57,0,2.4615384615384617,
2021-02-02 16:17:36.261,-0.8,1.14,-9.51,0,2.4615384615384617,
2021-02-02 16:17:36.295,-0.82,1.15,-9.52,0,2.4615384615384617,
2021-02-02 16:17:36.330,-0.81,1.11,-9.5,0,2.4615384615384617,
2021-02-02 16:17:36.364,-0.74,1.17,-9.49,0,2.4615384615384617,
2021-02-02 16:17:36.398,-0.72,1.16,-9.51,0,2.4615384615384617,
2021-02-02 16:17:36.432,-0.8,1.17,-9.51,0,2.4615384615384617,
2021-02-02 16:17:36.466,-0.82,1.12,-9.5,0,2.4615384615384617,
2021-02-02 16:17:36.500,-0.8,1.12,-9.47,0,2.4615384615384617,
2021-02-02 16:17:36.535,-0.75,1.14,-9.48,0,2.4615384615384617,
2021-02-02 16:17:36.569,-0.81,1.17,-9.47,0,2.4615384615384617,
2021-02-02 16:17:36.603,-0.82,1.11,-9.44,0,2.4615384615384617,
2021-02-02 16:17:36.765,-0.76,1.14,-9.47,0,2.4615384615384617,
2021-02-02 16:17:36.799,-0.78,1.14,-9.5,0,2.4615384615384617,
2021-02-02 16:17:36.833,-0.75,1.15,-9.5,0,2.4615384615384617,
2021-02-02 16:17:36.868,-0.8,1.14,-9.51,0,2.4615384615384617,
2021-02-02 16:17:36.902,-0.78,1.17,-9.47,0,2.4615384615384617,
2021-02-02 16:17:36.936,-0.76,1.18,-9.51,0,2.4615384615384617,
2021-02-02 16:17:36.970,-0.82,1.15,-9.51,0,2.4615384615384617,
2021-02-02 16:17:37.004,-0.81,1.15,-9.44,0,2.4615384615384617,
2021-02-02 16:17:37.038,-0.76,1.17,-9.47,0,2.4615384615384617,
2021-02-02 16:17:37.073,-0.74,1.16,-9.47,0,2.4615384615384617,
2021-02-02 16:17:37.107,-0.78,1.16,-9.55,1,6.9743589743589745,
2021-02-02 16:17:37.141,-0.8,1.12,-9.52,1,6.9743589743589745,
2021-02-02 16:17:37.175,-0.74,1.17,-9.49,1,6.9743589743589745,
2021-02-02 16:17:37.209,-0.76,1.14,-9.47,1,6.9743589743589745,
2021-02-02 16:17:37.244,-0.76,1.13,-9.49,1,6.9743589743589745,
2021-02-02 16:17:37.278,-0.8,1.15,-9.54,1,6.9743589743589745,
2021-02-02 16:17:37.567,-0.78,1.15,-9.51,1,6.9743589743589745,
2021-02-02 16:17:37.732,-0.78,1.16,-9.47,1,6.9743589743589745,
2021-02-02 16:17:37.766,-0.8,1.12,-9.49,1,6.9743589743589745,
2021-02-02 16:17:37.800,-0.78,1.09,-9.48,1,6.9743589743589745,
2021-02-02 16:17:37.834,-0.78,1.22,-9.49,1,6.9743589743589745,
2021-02-02 16:17:37.869,-0.75,1.16,-9.47,1,6.9743589743589745,
2021-02-02 16:17:37.903,-0.77,1.17,-9.46,1,6.9743589743589745,
2021-02-02 16:17:37.937,-0.8,1.14,-9.49,1,6.9743589743589745,
2021-02-02 16:17:37.971,-0.81,1.15,-9.46,1,6.9743589743589745,
2021-02-02 16:17:38.005,-0.8,1.17,-9.51,1,6.9743589743589745,
2021-02-02 16:17:38.039,-0.77,1.13,-9.55,1,6.9743589743589745,
2021-02-02 16:17:38.074,-0.8,1.12,-9.47,1,6.9743589743589745,
2021-02-02 16:17:38.108,-0.74,1.13,-9.47,1,6.9743589743589745,
2021-02-02 16:17:38.142,-0.76,1.15,-9.5,1,6.9743589743589745,
2021-02-02 16:17:38.176,-0.8,1.14,-9.47,1,6.9743589743589745,
2021-02-02 16:17:38.210,-0.8,1.12,-9.45,1,6.9743589743589745,
2021-02-02 16:17:38.245,-0.8,1.13,-9.52,1,6.9743589743589745,
2021-02-02 16:17:38.279,-0.76,1.16,-9.52,1,6.9743589743589745,
2021-02-02 16:17:38.313,-0.75,1.15,-9.48,1,6.9743589743589745,
2021-02-02 16:17:38.347,-0.78,1.17,-9.58,1,6.9743589743589745,
2021-02-02 16:17:38.381,-0.78,1.14,-9.4,1,6.9743589743589745,
2021-02-02 16:17:38.415,-0.77,1.15,-9.5,1,6.9743589743589745,
2021-02-02 16:17:38.450,-0.79,1.14,-9.49,1,6.9743589743589745,
2021-02-02 16:17:38.484,-0.78,1.15,-9.56,1,6.9743589743589745,
2021-02-02 16:17:38.518,-0.76,1.1,-9.5,0,2.4615384615384617,
2021-02-02 16:17:38.552,-0.77,1.17,-9.47,0,2.4615384615384617,
2021-02-02 16:17:38.586,-0.79,1.13,-9.42,0,2.4615384615384617,
2021-02-02 16:17:38.621,-0.79,1.13,-9.52,0,2.4615384615384617,
2021-02-02 16:17:38.655,-0.77,1.18,-9.48,0,2.4615384615384617,
2021-02-02 16:17:38.689,-0.8,1.16,-9.47,0,2.4615384615384617,
2021-02-02 16:17:38.723,-0.79,1.16,-9.49,0,2.4615384615384617,
2021-02-02 16:17:38.757,-0.76,1.14,-9.48,0,2.4615384615384617,
2021-02-02 16:17:38.791,-0.84,1.12,-9.43,0,2.4615384615384617,
2021-02-02 16:17:38.826,-0.78,1.15,-9.47,0,2.4615384615384617,
2021-02-02 16:17:38.860,-0.74,1.21,-9.48,0,2.4615384615384617,
2021-02-02 16:17:38.894,-0.8,1.13,-9.52,0,2.4615384615384617,
2021-02-02 16:17:38.928,-0.8,1.15,-9.49,0,2.4615384615384617,
2021-02-02 16:17:38.962,-0.77,1.14,-9.46,0,2.4615384615384617,
2021-02-02 16:17:38.996,-0.77,1.16,-9.51,0,2.4615384615384617,
2021-02-02 16:17:39.031,-0.77,1.18,-9.47,0,2.4615384615384617,
2021-02-02 16:17:39.065,-0.8,1.17,-9.49,0,2.4615384615384617,
2021-02-02 16:17:39.099,-0.74,1.1,-9.52,0,2.4615384615384617,
2021-02-02 16:17:39.133,-0.74,1.15,-9.58,0,2.4615384615384617,
2021-02-02 16:17:39.167,-0.77,1.15,-9.51,0,2.4615384615384617,
2021-02-02 16:17:39.202,-0.77,1.13,-9.44,0,2.4615384615384617,
2021-02-02 16:17:39.236,-0.78,1.13,-9.47,0,2.4615384615384617,
2021-02-02 16:17:39.270,-0.77,1.18,-9.45,0,2.4615384615384617,
2021-02-02 16:17:39.304,-0.82,1.15,-9.52,0,2.4615384615384617,
2021-02-02 16:17:39.338,-0.78,1.15,-9.53,0,2.4615384615384617,
2021-02-02 16:17:39.372,-0.8,1.12,-9.46,0,2.4615384615384617,
2021-02-02 16:17:39.407,-0.75,1.19,-9.5,0,2.4615384615384617,
2021-02-02 16:17:39.441,-0.79,1.22,-9.55,0,2.4615384615384617,
2021-02-02 16:17:39.475,-0.77,1.15,-9.45,0,2.4615384615384617,
2021-02-02 16:17:39.509,-0.77,1.14,-9.48,0,2.4615384615384617,
2021-02-02 16:17:39.543,-0.8,1.14,-9.52,0,2.4615384615384617,
2021-02-02 16:17:39.578,-0.82,1.12,-9.45,0,2.4615384615384617,
2021-02-02 16:17:39.612,-0.79,1.12,-9.47,0,2.4615384615384617,
2021-02-02 16:17:39.646,-0.77,1.14,-9.47,0,2.4615384615384617,
2021-02-02 16:17:39.680,-0.77,1.18,-9.47,0,2.4615384615384617,
2021-02-02 16:17:39.714,-0.81,1.16,-9.45,0,2.4615384615384617,
2021-02-02 16:17:39.748,-0.8,1.21,-9.49,0,2.4615384615384617,
2021-02-02 16:17:39.783,-0.76,1.17,-9.41,0,2.4615384615384617,
2021-02-02 16:17:39.817,-0.76,1.14,-9.5,0,2.4615384615384617,
2021-02-02 16:17:39.851,-0.81,1.18,-9.53,0,2.4615384615384617,
2021-02-02 16:17:39.885,-0.76,1.11,-9.49,0,2.4615384615384617,
2021-02-02 16:17:39.919,-0.77,1.18,-9.46,0,2.4615384615384617,
2021-02-02 16:17:39.954,-0.79,1.15,-9.55,0,2.4615384615384617,
2021-02-02 16:17:39.988,-0.78,1.14,-9.49,0,2.4615384615384617,
2021-02-02 16:17:40.022,-0.78,1.18,-9.48,0,2.4615384615384617,
2021-02-02 16:17:40.056,-0.75,1.16,-9.44,0,2.4615384615384617,
2021-02-02 16:17:40.090,-0.8,1.12,-9.51,0,2.4615384615384617,
2021-02-02 16:17:40.124,-0.82,1.14,-9.47,0,2.4615384615384617,
2021-02-02 16:17:40.159,-0.76,1.14,-9.53,0,2.4615384615384617,
2021-02-02 16:17:40.193,-0.75,1.13,-9.55,0,2.4615384615384617,
2021-02-02 16:17:40.227,-0.78,1.14,-9.53,0,2.4615384615384617,
2021-02-02 16:17:40.261,-0.78,1.16,-9.47,0,2.4615384615384617,
2021-02-02 16:17:40.295,-0.75,1.14,-9.47,0,2.4615384615384617,
2021-02-02 16:17:40.330,-0.74,1.14,-9.5,0,2.4615384615384617,
2021-02-02 16:17:40.364,-0.76,1.15,-9.53,0,2.4615384615384617,
2021-02-02 16:17:40.398,-0.76,1.1,-9.47,0,2.4615384615384617,
2021-02-02 16:17:40.432,-0.78,1.14,-9.46,0,0,
2021-02-02 16:17:40.466,-0.81,1.16,-9.51,0,0,
2021-02-02 16:17:40.500,-0.76,1.13,-9.47,0,0,
2021-02-02 16:17:40.535,-0.8,1.14,-9.45,0,0,
2021-02-02 16:17:40.569,-0.77,1.15,-9.43,0,0,
2021-02-02 16:17:40.603,-0.77,1.13,-9.5,0,0,
2021-02-02 16:17:40.637,-0.76,1.1,-9.49,0,0,
2021-02-02 16:17:40.671,-0.79,1.14,-9.51,0,0,
2021-02-02 16:17:40.705,-0.78,1.17,-9.47,0,0,
2021-02-02 16:17:40.740,-0.78,1.19,-9.5,0,0,
2021-02-02 16:17:40.774,-0.76,1.17,-9.54,0,0,
2021-02-02 16:17:40.808,-0.79,1.13,-9.48,0,0,
2021-02-02 16:17:40.842,-0.79,1.14,-9.45,0,0,
2021-02-02 16:17:40.876,-0.73,1.15,-9.52,0,0,
2021-02-02 16:17:40.911,-0.75,1.14,-9.51,0,0,
2021-02-02 16:17:40.945,-0.79,1.16,-9.5,0,0,
2021-02-02 16:17:40.979,-0.79,1.13,-9.5,0,0,
2021-02-02 16:17:41.013,-0.74,1.16,-9.49,0,0,
2021-02-02 16:17:41.047,-0.77,1.16,-9.49,0,0,
2021-02-02 16:17:41.081,-0.79,1.18,-9.47,0,0,
2021-02-02 16:17:41.116,-0.78,1.13,-9.52,0,0,
2021-02-02 16:17:41.150,-0.75,1.12,-9.5,0,0,
2021-02-02 16:17:41.184,-0.78,1.18,-9.48,0,0,
2021-02-02 16:17:41.218,-0.8,1.13,-9.51,0,0,
2021-02-02 16:17:41.252,-0.76,1.16,-9.52,0,0,
2021-02-02 16:17:41.287,-0.77,1.15,-9.55,0,0,